id,Status_C,Status_CL,Status_D
7905,0.9594112053770394,0.0025428379807547257,0.038045956642205996
7906,0.978755808560967,0.005261354317208386,0.01598283712182461
7907,0.41954733008827716,0.03036229130804313,0.5500903786036798
7908,0.9061156611411193,0.005781054091779339,0.08810328476710157
7909,0.9056796795340998,0.005945326642392139,0.08837499382350801
7910,0.9660232085841182,0.004888628251435353,0.02908816316444633
7911,0.9479000065312388,0.007668333366438963,0.04443166010232212
7912,0.7161644969147783,0.011608300006767075,0.27222720307845455
7913,0.03983179648703683,0.018760239931864948,0.9414079635810981
7914,0.5030207468759097,0.012294713715912092,0.4846845394081781
7915,0.9025159556721624,0.008978672148241338,0.0885053721795963
7916,0.8020687749756035,0.005938107458813097,0.19199311756558346
7917,0.9245093720381856,0.009241652816221413,0.0662489751455928
7918,0.887150426134679,0.027667339506935153,0.08518223435838593
7919,0.9482118205328948,0.0054428784513625,0.046345301015742725
7920,0.9696497499598328,0.0054205155470054564,0.024929734493161826
7921,0.9403491188173926,0.005308826803867543,0.05434205437873994
7922,0.12536340685763464,0.003494836033664972,0.8711417571087003
7923,0.9449505039828263,0.0019642445205538045,0.05308525149661997
7924,0.9086227811325588,0.00857174089572839,0.08280547797171284
7925,0.0783533846859254,0.022025477384103258,0.8996211379299713
7926,0.7733590818890375,0.0052232014506895935,0.22141771666027293
7927,0.9343305865444538,0.027344505776644865,0.03832490767890143
7928,0.7190793877173629,0.06092727243559192,0.21999333984704506
7929,0.9479349826199637,0.014758495987060524,0.03730652139297576
7930,0.6991038554604531,0.015479352232858979,0.28541679230668804
7931,0.9021270567214053,0.01319851440871801,0.08467442886987685
7932,0.6998725780395368,0.005462380190948929,0.29466504176951425
7933,0.7753254444127358,0.01134993808125343,0.2133246175060108
7934,0.9516032123754912,0.003434651262860684,0.044962136361648156
7935,0.94052072740643,0.004010578904096481,0.05546869368947358
7936,0.9522607169154191,0.007527218364444772,0.04021206472013613
7937,0.6274715381466516,0.008922155043680538,0.3636063068096678
7938,0.9275690220643202,0.007888296519344265,0.06454268141633543
7939,0.9033630465197707,0.003647348334394605,0.09298960514583475
7940,0.9500766417662593,0.004359659921928995,0.0455636983118116
7941,0.6262018025399622,0.045795093341197204,0.32800310411884054
7942,0.9442651073836449,0.00753833074145322,0.04819656187490171
7943,0.3571576208153723,0.02132669415486646,0.6215156850297613
7944,0.9523963877187684,0.002070027101519268,0.045533585179712364
7945,0.9514533711084009,0.003958567918924329,0.044588060972674814
7946,0.9567673520536915,0.0032874728017233895,0.03994517514458535
7947,0.7507064173459876,0.004317770244379171,0.24497581240963323
7948,0.7221850895558668,0.010947664107483525,0.26686724633664966
7949,0.7164710616514167,0.013443757375688516,0.27008518097289475
7950,0.9213878183526883,0.005489587627382816,0.07312259401992882
7951,0.7901715720014594,0.005922165882538055,0.2039062621160025
7952,0.7721254099362589,0.024200990999717325,0.20367359906402377
7953,0.13801426382426837,0.017102955583853344,0.8448827805918784
7954,0.8573890380167102,0.01943136614918041,0.1231795958341093
7955,0.6214140937042907,0.012380946929734932,0.3662049593659744
7956,0.4611341756597237,0.02467888392262173,0.5141869404176546
7957,0.926540844477873,0.004697846915486486,0.06876130860664066
7958,0.8249194170915379,0.011445320341196547,0.1636352625672655
7959,0.7197295779076073,0.009197811264583548,0.2710726108278093
7960,0.6794764735032227,0.010784404515810106,0.30973912198096726
7961,0.9607450765984188,0.0031015619202348728,0.03615336148134615
7962,0.8251935581453811,0.006585899837150178,0.16822054201746872
7963,0.7446176005643433,0.008362062688480604,0.24702033674717602
7964,0.3497197059192491,0.024238284739483893,0.626042009341267
7965,0.982960538422848,0.0027993403373044504,0.014240121239847536
7966,0.8804310469838421,0.006270435838086322,0.11329851717807149
7967,0.9650569120880412,0.0022492729931970798,0.03269381491876162
7968,0.9124005747633143,0.004732871202882965,0.08286655403380258
7969,0.7983390342368177,0.009295895722551439,0.19236507004063078
7970,0.9408475498966627,0.0042544046172715,0.054898045486065736
7971,0.8927124267114777,0.0034802912703875595,0.10380728201813477
7972,0.870467181044291,0.0664755962712477,0.06305722268446112
7973,0.9158361251044498,0.004647834883591803,0.07951604001195835
7974,0.9036306980230163,0.019411994711397765,0.076957307265586
7975,0.79931590527614,0.009425592810139948,0.19125850191372
7976,0.34222993130847534,0.011606562649222572,0.6461635060423021
7977,0.9488035188730475,0.013719868972710625,0.03747661215424184
7978,0.830673063798221,0.00969242964609158,0.1596345065556874
7979,0.9100891103875606,0.004946841870061933,0.08496404774237759
7980,0.9513695708622004,0.00289725182183946,0.04573317731596023
7981,0.9665114999542402,0.008582232319027962,0.024906267726731893
7982,0.9387333804604119,0.01571427320524751,0.04555234633434065
7983,0.9475853481683594,0.014058535807557646,0.03835611602408305
7984,0.7071810744804033,0.017469497814523373,0.2753494277050733
7985,0.6329254918295579,0.007790211298020698,0.3592842968724214
7986,0.7078632775572917,0.10519432667003834,0.18694239577266988
7987,0.8127261210493024,0.0193395959299203,0.16793428302077731
7988,0.9566990599048297,0.005695819159566122,0.037605120935604225
7989,0.8771150870606172,0.010966830807853906,0.11191808213152875
7990,0.6890302003812819,0.012828360122019522,0.29814143949669863
7991,0.8642457160423354,0.03545630049586694,0.10029798346179776
7992,0.9164165839771983,0.0037730501311382504,0.07981036589166347
7993,0.7904251202048498,0.016518231375740308,0.19305664841940987
7994,0.9198456807670443,0.007909644014652318,0.07224467521830333
7995,0.8916076145209572,0.007096609334849897,0.10129577614419304
7996,0.8674356570536292,0.012369224536525033,0.12019511840984572
7997,0.9623991671165382,0.0020745691084147803,0.035526263775047036
7998,0.019490352613214572,0.019514276073454594,0.9609953713133309
7999,0.05925451095127265,0.013102706558757903,0.9276427824899696
8000,0.9251750110176669,0.0068638046691565395,0.06796118431317658
8001,0.9625102287941483,0.007016762264077697,0.030473008941774064
8002,0.8237437593288054,0.03130607284968698,0.14495016782150763
8003,0.9698984342695192,0.0053983378089118225,0.024703227921568965
8004,0.7314411944288465,0.005811418774127863,0.2627473867970256
8005,0.9105486738189734,0.0050454497752531495,0.0844058764057735
8006,0.9856918403121767,0.002045440242837336,0.012262719444985876
8007,0.8455062724861264,0.008941400942885707,0.14555232657098796
8008,0.9411517646373286,0.0038628655019036636,0.054985369860767616
8009,0.9254557500015046,0.0049044167774967735,0.06963983322099858
8010,0.9676080905172821,0.0034018175726604023,0.028990091910057386
8011,0.9031347990295442,0.004460422115241447,0.09240477885521432
8012,0.844083612141336,0.00545157197922686,0.15046481587943716
8013,0.8520258190441965,0.009826235786419916,0.13814794516938356
8014,0.9512242744184735,0.01401093241606943,0.03476479316545703
8015,0.9648054202136197,0.0022034871037783284,0.03299109268260198
8016,0.9424233398191342,0.005683085948740109,0.05189357423212582
8017,0.7361563566152546,0.006080969520168165,0.25776267386457724
8018,0.924558927098933,0.006213244673337564,0.06922782822772963
8019,0.9375233568388406,0.016823263110750834,0.04565338005040852
8020,0.8968800850200491,0.0059521630622546735,0.09716775191769625
8021,0.7460867992472521,0.01082428237817243,0.24308891837457555
8022,0.7516181552192177,0.006319273533420908,0.24206257124736139
8023,0.9384533514526426,0.011294466990222862,0.05025218155713468
8024,0.913791586113358,0.0034239322963128586,0.08278448159032917
8025,0.768287924566357,0.006261828559773966,0.225450246873869
8026,0.9166176488201129,0.0036763082063464734,0.07970604297354085
8027,0.9521217781101362,0.00745553982528449,0.04042268206457942
8028,0.7831179176963279,0.004471146092479428,0.2124109362111926
8029,0.8436395111672641,0.01577255286311758,0.1405879359696183
8030,0.9390429751065926,0.002785783931150149,0.05817124096225721
8031,0.9797171954528316,0.00405372863261833,0.016229075914550094
8032,0.9564502577606508,0.003743365149176797,0.03980637709017241
8033,0.914672369382124,0.013360730590966263,0.07196690002690981
8034,0.9618648625169176,0.0035283695626698672,0.03460676792041258
8035,0.9582938180374816,0.0033391422009681755,0.03836703976155021
8036,0.8981301143934143,0.052304590830707355,0.04956529477587843
8037,0.5665982531329316,0.011812938323786163,0.42158880854328223
8038,0.8636440318941523,0.010760678633056365,0.1255952894727913
8039,0.6780868325598213,0.006338493658865949,0.3155746737813129
8040,0.9209153831069302,0.010888067040132853,0.06819654985293695
8041,0.7663548743288489,0.016259357002494722,0.21738576866865655
8042,0.3132670319099375,0.028973336623097482,0.657759631466965
8043,0.9593337750155145,0.006793909677590702,0.03387231530689473
8044,0.23819612430806383,0.021620333087878522,0.7401835426040576
8045,0.6963614468500758,0.013111634303783384,0.29052691884614074
8046,0.8988498077173462,0.002729429439776689,0.09842076284287696
8047,0.9305631329478786,0.012629643951888937,0.05680722310023242
8048,0.9622697757632769,0.0030827186813680023,0.03464750555535521
8049,0.9603505542946142,0.012247378834241443,0.027402066871144458
8050,0.7451281040517576,0.0032338958229613172,0.25163800012528115
8051,0.9400626051605547,0.00403371903279076,0.05590367580665452
8052,0.9401938094451477,0.01872113126188905,0.04108505929296327
8053,0.6549047279753961,0.028147954119120258,0.3169473179054836
8054,0.8918362846674371,0.004677234237931419,0.10348648109463139
8055,0.8716273339023666,0.005778478845236376,0.12259418725239714
8056,0.958282029380788,0.008054038353986713,0.033663932265225356
8057,0.940741679363831,0.0026816448258515225,0.05657667581031755
8058,0.9283855105882987,0.0061022385758765655,0.0655122508358248
8059,0.9406899056348424,0.004022054541135044,0.055288039824022514
8060,0.7395763428325239,0.05544352204538766,0.20498013512208835
8061,0.9074756600676792,0.007751736182696134,0.08477260374962463
8062,0.8551023311509431,0.01243537914294149,0.13246228970611543
8063,0.9596126366934513,0.006905410193861889,0.033481953112686785
8064,0.16933402685777268,0.008648271554867314,0.8220177015873599
8065,0.9523884800992909,0.005627826476412733,0.041983693424296274
8066,0.9467562217850116,0.00683755503963319,0.04640622317535532
8067,0.7008362600071418,0.01362257246701598,0.28554116752584224
8068,0.9634191588951011,0.003153868681439027,0.0334269724234598
8069,0.8952329388225178,0.00653954952701531,0.09822751165046681
8070,0.9398334944591816,0.003997191290156664,0.0561693142506617
8071,0.8422731911771335,0.0058589960534076654,0.15186781276945885
8072,0.9301779974534145,0.005030741821814306,0.06479126072477132
8073,0.9170444379189377,0.004961094856294091,0.07799446722476817
8074,0.7638603502163617,0.008511670472302502,0.22762797931133597
8075,0.9627253570962803,0.004149687305114817,0.03312495559860488
8076,0.969077940585562,0.0050427831181674015,0.02587927629627072
8077,0.8144784035525815,0.004061811023903993,0.18145978542351446
8078,0.8648333397361638,0.016175134014784924,0.11899152624905138
8079,0.9431009529458947,0.004356211378356001,0.05254283567574917
8080,0.9270608844027602,0.006649529974137894,0.0662895856231018
8081,0.9383563112063803,0.003840678929316228,0.05780300986430361
8082,0.920135169647526,0.0040444903325043335,0.0758203400199697
8083,0.8496429539525104,0.02246741334561709,0.12788963270187256
8084,0.6555063914627476,0.008362210604579987,0.3361313979326724
8085,0.9710724408298383,0.0032993345972054063,0.025628224572956222
8086,0.041648566299179623,0.02718665509904545,0.9311647786017749
8087,0.9208070405775525,0.009978902034330248,0.06921405738811727
8088,0.7070187183704967,0.03686843525179934,0.2561128463777041
8089,0.8207674473276525,0.004812639105752311,0.17441991356659525
8090,0.2302825096574211,0.021243460885675334,0.7484740294569036
8091,0.955944416855722,0.0025334374736231797,0.04152214567065502
8092,0.16835347346433063,0.010249707336763355,0.821396819198906
8093,0.9703291097306237,0.004574078453831123,0.0250968118155452
8094,0.9417520978263276,0.011236158541351073,0.047011743632321384
8095,0.9549321675014376,0.01652592443606004,0.0285419080625024
8096,0.9335647969471044,0.003293474538979183,0.06314172851391629
8097,0.739119982895725,0.006218351264966753,0.2546616658393082
8098,0.9661383476781097,0.003009453144758265,0.030852199177132004
8099,0.8709221300047851,0.0056818775092799655,0.12339599248593491
8100,0.6893759709342779,0.022258328040720688,0.2883657010250015
8101,0.9004080034127817,0.011671019354794698,0.0879209772324238
8102,0.9388523501323839,0.007004254555132551,0.054143395312483404
8103,0.9597357635430935,0.005139332853326724,0.03512490360357961
8104,0.9264282492976135,0.005720250574783449,0.06785150012760302
8105,0.5877084057738063,0.016610511947063464,0.3956810822791301
8106,0.9312615873562012,0.0030100012601179124,0.0657284113836808
8107,0.37634852355180143,0.006305240610565587,0.6173462358376329
8108,0.9338705513534162,0.020063044248742397,0.046066404397841446
8109,0.9216201291132825,0.0028879681842242932,0.0754919027024931
8110,0.9575560519841905,0.015004883973973005,0.027439064041836537
8111,0.9444157345520271,0.02015361806434148,0.035430647383631365
8112,0.8625010003139252,0.006576584201516872,0.1309224154845579
8113,0.3362150073793009,0.013758224150190396,0.6500267684705087
8114,0.5836727121066563,0.09122107463537255,0.32510621325797123
8115,0.9574438840232333,0.003747266142374212,0.03880884983439238
8116,0.9536031820797766,0.015521723151387968,0.03087509476883528
8117,0.7323528888363254,0.01600074099484065,0.25164637016883395
8118,0.9221738378110083,0.023064638050325367,0.05476152413866649
8119,0.8730360176655696,0.004131215312532588,0.12283276702189785
8120,0.970033451378891,0.005291339723120422,0.02467520889798865
8121,0.9584890833360072,0.008116747580001658,0.033394169083991156
8122,0.9727214996254375,0.005438701295446019,0.02183979907911639
8123,0.9618656245744837,0.003178424203702152,0.034955951221814045
8124,0.9265628443445147,0.01177231451407994,0.061664841141405254
8125,0.9113555792861562,0.0055849753362999174,0.08305944537754388
8126,0.8803611115763994,0.007134280222393415,0.11250460820120724
8127,0.9054927614879523,0.01793799162027924,0.07656924689176846
8128,0.8251295012642977,0.00822953892732984,0.16664095980837235
8129,0.9536673355856732,0.016568778688466176,0.029763885725860577
8130,0.8391764780063223,0.014639674375182342,0.14618384761849537
8131,0.5188468623549384,0.016798722168815828,0.4643544154762458
8132,0.9503784117506595,0.0074742819859465615,0.04214730626339387
8133,0.9644043647916432,0.013804817457933946,0.02179081775042287
8134,0.9446061415650125,0.006013040370613808,0.049380818064373694
8135,0.365130708464757,0.013625544599784444,0.6212437469354586
8136,0.5212198092074347,0.0587838558647527,0.41999633492781246
8137,0.7808316704900119,0.005116525447164506,0.21405180406282365
8138,0.31439483256161505,0.01250193317145436,0.6731032342669306
8139,0.6879036173891833,0.014851021772754058,0.29724536083806274
8140,0.9437763556476207,0.0104780490833696,0.04574559526900962
8141,0.891381183837004,0.00691917593636981,0.10169964022662616
8142,0.8612690643079804,0.05973896089423938,0.07899197479778024
8143,0.9322493046830027,0.021427552744770904,0.04632314257222625
8144,0.901362177136334,0.017272134433631518,0.0813656884300346
8145,0.8958666145992364,0.008092690030253417,0.09604069537051012
8146,0.9461682462804267,0.0034179180445845342,0.05041383567498859
8147,0.8876343032181836,0.007183751490718937,0.10518194529109737
8148,0.9299047379640697,0.009005616741353008,0.061089645294577256
8149,0.9572963681101161,0.016272476665010298,0.02643115522487363
8150,0.9345121318588933,0.00708978498953745,0.058398083151569184
8151,0.7210833179724093,0.009031410585205464,0.2698852714423851
8152,0.9505928135814032,0.003521970072743694,0.04588521634585306
8153,0.9368616796979706,0.003460597703610129,0.059677722598419324
8154,0.8777089275317844,0.02703663294613576,0.09525443952207979
8155,0.6504297628466383,0.01971286056567885,0.3298573765876827
8156,0.9729893335175789,0.008931538986877593,0.01807912749554354
8157,0.7812393999639523,0.004940626439452571,0.21381997359659502
8158,0.933566965688039,0.0191513027378194,0.04728173157414145
8159,0.9171675224402677,0.006220198000187856,0.07661227955954453
8160,0.9069942088598557,0.005970708362234751,0.08703508277790953
8161,0.926268105771428,0.010515113252598367,0.06321678097597362
8162,0.9093063892528169,0.02242403067091376,0.06826958007626936
8163,0.903649691071819,0.009091287023051292,0.08725902190512955
8164,0.9482915917011815,0.01540189832656091,0.03630650997225775
8165,0.7008316859463625,0.025981928318614938,0.2731863857350226
8166,0.9006374305730179,0.006231120221381425,0.09313144920560074
8167,0.8531705427982147,0.009535681737786402,0.13729377546399896
8168,0.8517634310803648,0.003310322089150019,0.1449262468304853
8169,0.7994294518933945,0.009903951115476064,0.1906665969911292
8170,0.9448647872740545,0.02180398499571185,0.0333312277302335
8171,0.25353468133708623,0.0034494080705930585,0.7430159105923206
8172,0.39227387720298273,0.008700446434011074,0.5990256763630062
8173,0.8883886740470289,0.011178050555320555,0.10043327539765065
8174,0.9616449210923993,0.0019092824026296687,0.036445796504971054
8175,0.9706164772930113,0.0036527188509675587,0.025730803856021132
8176,0.9446364504945276,0.00491082954911475,0.05045271995635772
8177,0.8158748339367683,0.040145505418130126,0.14397966064510168
8178,0.9379467517359877,0.013839151020832914,0.048214097243179335
8179,0.9130432760530793,0.004131574672648726,0.08282514927427193
8180,0.9757376625224623,0.006585460196751269,0.017676877280786377
8181,0.6300656454090378,0.005921891454230235,0.3640124631367321
8182,0.9580115933638915,0.014157263624602085,0.027831143011506448
8183,0.5747429099166785,0.15240934742025672,0.2728477426630647
8184,0.9392740352827228,0.013280733967507093,0.04744523074977007
8185,0.9733664672362293,0.011931477382270513,0.014702055381500252
8186,0.9562075102651959,0.008687691169617179,0.0351047985651868
8187,0.9620933290348471,0.0172433697612621,0.02066330120389083
8188,0.9499110995137154,0.004883650817984977,0.04520524966829961
8189,0.8463641640186597,0.015731812021223045,0.13790402396011733
8190,0.9481699050862552,0.009365050660866386,0.04246504425287844
8191,0.9405783189113789,0.0031951299029808096,0.056226551185640246
8192,0.9213174456499187,0.003889239305315628,0.07479331504476577
8193,0.937827380415005,0.002389703853902385,0.05978291573109259
8194,0.9612692241275225,0.011607471991216495,0.027123303881261017
8195,0.8970463145291593,0.010272658882931416,0.09268102658790911
8196,0.9466655741612086,0.0032647702753058417,0.050069655563485464
8197,0.8247171399156493,0.0055442135184579225,0.16973864656589277
8198,0.9567743642635741,0.0043822617108284475,0.03884337402559756
8199,0.9653978470149714,0.009932456143754017,0.024669696841274565
8200,0.956526724995006,0.005172889282344038,0.03830038572264995
8201,0.7292976431205287,0.008927769245647707,0.2617745876338237
8202,0.6892418066369197,0.0175030183542734,0.29325517500880693
8203,0.9527317561530533,0.0022081332288665947,0.04506011061808008
8204,0.9674518001154836,0.005493409521868735,0.027054790362647515
8205,0.9224485915316685,0.0022456262530617613,0.07530578221526969
8206,0.9392924655463951,0.002981535911392509,0.057725998542212276
8207,0.9234027561136527,0.0029066521361852684,0.07369059175016186
8208,0.6351353050045813,0.025525058110250926,0.3393396368851679
8209,0.9070876421511651,0.00831635739320776,0.08459600045562721
8210,0.8786082716778879,0.002894539618463369,0.11849718870364878
8211,0.8583112918055736,0.009886414593416588,0.13180229360100976
8212,0.9515945414865994,0.0025603318494369126,0.04584512666396363
8213,0.933490290228461,0.003973207854005261,0.06253650191753374
8214,0.18108216289766363,0.013006181766307717,0.8059116553360287
8215,0.9538919103177682,0.02598307382686703,0.020125015855364827
8216,0.9526950730887058,0.004265019130373252,0.04303990778092082
8217,0.8925274452749824,0.021510003066512087,0.08596255165850544
8218,0.8868880801368134,0.009838861601796511,0.10327305826139004
8219,0.9502015424724491,0.02144486521413367,0.028353592313417147
8220,0.9254444464317021,0.0037666206394364405,0.07078893292886153
8221,0.8807250521178999,0.00608890531725117,0.11318604256484881
8222,0.7465053786918948,0.007058755447979975,0.24643586586012514
8223,0.9586235050912152,0.01945688140484356,0.02191961350394119
8224,0.7845510599494027,0.014479855859409922,0.20096908419118734
8225,0.7085631601573525,0.03771176275864322,0.25372507708400427
8226,0.20025385037324067,0.05611888365398036,0.743627265972779
8227,0.9661200292207024,0.008600820345855987,0.02527915043344162
8228,0.92377242653843,0.004133996310333491,0.07209357715123663
8229,0.6947434177313315,0.019980264270176632,0.28527631799849174
8230,0.9587223597708407,0.016746398989438263,0.024531241239720843
8231,0.9671304439671162,0.012642365075495468,0.02022719095738815
8232,0.8040609237732982,0.02373647355389781,0.17220260267280402
8233,0.6589546841317238,0.006048687372260042,0.3349966284960162
8234,0.9255201648717463,0.005064587352878089,0.06941524777537571
8235,0.9036164518307732,0.0066696921719251664,0.08971385599730149
8236,0.9106744713730057,0.007327131798880084,0.08199839682811426
8237,0.9695193733135956,0.003676908216489388,0.026803718469915118
8238,0.8230219663168845,0.004304867022424959,0.17267316666069046
8239,0.7890719987809304,0.008678340720351512,0.202249660498718
8240,0.9644522209441031,0.005002029569244699,0.030545749486652153
8241,0.40298908949654,0.02168894287985293,0.5753219676236071
8242,0.9184405627022462,0.01357492694327703,0.06798451035447677
8243,0.9759229704057643,0.010815798187885693,0.01326123140635011
8244,0.9705629480585216,0.0017285809380158243,0.027708471003462593
8245,0.9458543647131517,0.017232389855327008,0.03691324543152139
8246,0.915599413339811,0.009192690111810922,0.07520789654837812
8247,0.965140971136054,0.006643644565961006,0.028215384297985015
8248,0.9489436910336951,0.011589271671483522,0.03946703729482139
8249,0.9342543248909718,0.00643381185970458,0.059311863249323644
8250,0.9593544102077869,0.008511782369234616,0.032133807422978354
8251,0.866779389777849,0.008954292610416715,0.12426631761173447
8252,0.8790030701280831,0.0228658216340689,0.09813110823784801
8253,0.9559757762821783,0.016370946713715633,0.027653277004105886
8254,0.9094551807376239,0.004999377581002539,0.08554544168137351
8255,0.9573799540214295,0.008878317413637992,0.033741728564932516
8256,0.8760510418389488,0.011804833913522772,0.1121441242475285
8257,0.9775253515850952,0.006696812824657809,0.015777835590246876
8258,0.06859450621866373,0.025841502673558232,0.9055639911077781
8259,0.33799992455997674,0.021459228269236685,0.6405408471707866
8260,0.9192748273713484,0.004399925306953819,0.07632524732169767
8261,0.9398857755134722,0.010873599506517975,0.049240624980009785
8262,0.9512235195676658,0.0031666426264033184,0.04560983780593082
8263,0.9787528797734061,0.010109392187938738,0.01113772803865512
8264,0.8451840172046877,0.005596480791955966,0.14921950200335632
8265,0.9674177810921872,0.004252963819260983,0.028329255088551837
8266,0.047779328001072006,0.010177627626119557,0.9420430443728085
8267,0.8637584901272117,0.013871048623118297,0.12237046124967002
8268,0.942342955025381,0.004952306930585054,0.052704738044033986
8269,0.9570093793716389,0.018342498736379775,0.024648121891981567
8270,0.8686246830509324,0.01621305601146554,0.1151622609376021
8271,0.94345713098746,0.026280296646976332,0.03026257236556367
8272,0.8908243024725224,0.0025131194107041945,0.10666257811677338
8273,0.8684632792865319,0.022877403772228695,0.10865931694123956
8274,0.9357720888095392,0.007925110603949636,0.05630280058651117
8275,0.8056503896112918,0.04357972014284389,0.1507698902458642
8276,0.8548071847004697,0.011579143017161408,0.13361367228236895
8277,0.866083946288049,0.01276732723484539,0.12114872647710563
8278,0.9503577347620203,0.003409519552773872,0.04623274568520582
8279,0.8938023455993748,0.0039431625332302335,0.10225449186739502
8280,0.5581722577286806,0.034653087541408785,0.40717465472991055
8281,0.946615513103016,0.005583810666916967,0.047800676230067
8282,0.9681433597112441,0.010846602990957872,0.02101003729779816
8283,0.9421948538800863,0.0037340568553194085,0.05407108926459423
8284,0.8712940442978098,0.024759041550831685,0.1039469141513586
8285,0.8098432157559283,0.015693087190563497,0.17446369705350806
8286,0.9545603580458375,0.0061585383117325225,0.039281103642430044
8287,0.8006423875944193,0.006235395700678389,0.19312221670490243
8288,0.9710419526730483,0.0030631762495793072,0.02589487107737232
8289,0.9067095454290702,0.008724299705277454,0.0845661548656522
8290,0.5236034539191996,0.0073411641333152085,0.4690553819474852
8291,0.8977711844355842,0.005670691399414208,0.09655812416500167
8292,0.9589949722826272,0.007119825342425408,0.03388520237494751
8293,0.952050360851712,0.0020876868229436616,0.0458619523253442
8294,0.9719766144102401,0.0016993373787704724,0.026324048210989562
8295,0.9445082063248318,0.011609742135778553,0.04388205153938979
8296,0.8663466953207057,0.05199414101889385,0.08165916366040038
8297,0.9626979796385853,0.0017124842364720043,0.035589536124942735
8298,0.9616470910377742,0.006500256229822658,0.031852652732403085
8299,0.9200165509395268,0.007222082764462902,0.07276136629601011
8300,0.9444714669388277,0.004474999905460714,0.05105353315571166
8301,0.9286966851194016,0.0035149140606080243,0.06778840081999028
8302,0.694540036122982,0.05387239450680595,0.25158756937021204
8303,0.8248286525234794,0.003957092804463901,0.17121425467205664
8304,0.8245524812640082,0.013869355720074288,0.1615781630159176
8305,0.9733440639519373,0.011784573176182547,0.01487136287188029
8306,0.8849167846394741,0.006418091929909033,0.1086651234306169
8307,0.11695441131280408,0.021543137822397543,0.8615024508647983
8308,0.8322961557124654,0.0034885460146009276,0.1642152982729336
8309,0.2920669210114274,0.011480432677693587,0.6964526463108791
8310,0.7598627018027378,0.008256560051638301,0.23188073814562393
8311,0.9057995276079552,0.004831108744348565,0.08936936364769617
8312,0.8872923911006938,0.005020017805102613,0.10768759109420357
8313,0.8788952501019248,0.013611603604851821,0.10749314629322351
8314,0.9591134686961911,0.002925313235618038,0.037961218068190875
8315,0.8987252747259354,0.007590821835071131,0.09368390343899348
8316,0.9481011270151481,0.008550916258588776,0.04334795672626322
8317,0.9640993249690379,0.008137587302278777,0.027763087728683317
8318,0.9225380143029064,0.01026468544551919,0.06719730025157443
8319,0.260031472867507,0.010675996354491155,0.7292925307780018
8320,0.9566522166205054,0.0033777023288205665,0.03997008105067404
8321,0.8496086450181186,0.008574608078885711,0.14181674690299573
8322,0.8788805069464155,0.006433901182569626,0.11468559187101493
8323,0.06755075543189805,0.020589330725051563,0.9118599138430503
8324,0.5160290921543047,0.006257599802655117,0.47771330804304013
8325,0.9668570599832477,0.010018450332916934,0.02312448968383546
8326,0.9133527383161334,0.010585120914712537,0.07606214076915403
8327,0.9490895437352138,0.00905528602887878,0.04185517023590729
8328,0.1109916829045139,0.018796866995316283,0.8702114501001698
8329,0.9585966104796112,0.0038772648032186683,0.03752612471717023
8330,0.9002439997176221,0.006169775728298607,0.09358622455407929
8331,0.9686916636120793,0.005950987765274538,0.025357348622646114
8332,0.9330746206633078,0.016722078674804644,0.050203300661887613
8333,0.8670373607523002,0.003334220207837647,0.12962841903986216
8334,0.936704946283727,0.005177706167457603,0.058117347548815354
8335,0.946092479439781,0.004031346776861647,0.04987617378335742
8336,0.9053105920868887,0.0034572784408496535,0.09123212947226171
8337,0.8700340166116337,0.003361777871713859,0.1266042055166523
8338,0.8840599522814285,0.015685532679609752,0.10025451503896174
8339,0.9276464990539788,0.018470876463496523,0.053882624482524705
8340,0.9699612396788745,0.005212436247888837,0.024826324073236757
8341,0.9680750542491493,0.005216647448816603,0.026708298302033952
8342,0.951621840791955,0.015121182710248473,0.033256976497796464
8343,0.949304292579312,0.0033617643238836527,0.04733394309680427
8344,0.5113059822340393,0.021483963531713682,0.46721005423424694
8345,0.9570780208704935,0.0034918074046954963,0.03943017172481119
8346,0.28332300432569407,0.012874432283542408,0.7038025633907636
8347,0.8721627762569675,0.011317504440116715,0.11651971930291587
8348,0.8453400712095487,0.012336371037346722,0.14232355775310457
8349,0.9679023733529615,0.007040633744540884,0.025056992902497653
8350,0.9622529158263711,0.0017397587106096932,0.03600732546301923
8351,0.8595240144666623,0.0032080577759465534,0.1372679277573912
8352,0.8761045824782685,0.0037674005913311457,0.12012801693040037
8353,0.21438427446665348,0.013395220280410704,0.772220505252936
8354,0.24173458631830683,0.011281337405121663,0.7469840762765716
8355,0.965677417892311,0.0028659771295825305,0.03145660497810643
8356,0.9156351688910686,0.003340263675700737,0.08102456743323054
8357,0.45705040271800845,0.01218169106456766,0.5307679062174239
8358,0.8533476154482835,0.005116051128618027,0.14153633342309865
8359,0.9748609721182635,0.003623052551498705,0.021515975330237733
8360,0.9597744413882853,0.0039977514120370814,0.03622780719967779
8361,0.8533693994434202,0.004150380258455786,0.14248022029812407
8362,0.9404739588101316,0.0052670682677579735,0.054258972922110474
8363,0.7354256654363743,0.009833753818461178,0.2547405807451645
8364,0.9834236837191103,0.00351184986440763,0.013064466416482075
8365,0.884518133193823,0.003128013084520595,0.1123538537216564
8366,0.7198534622821351,0.012271850953519771,0.2678746867643452
8367,0.9621241864571755,0.0022719160437326864,0.03560389749909174
8368,0.9103869190675492,0.006511212736891815,0.08310186819555894
8369,0.886325760967219,0.0048009916821462354,0.10887324735063471
8370,0.858084522972004,0.0071411159422186616,0.13477436108577728
8371,0.9019409283930855,0.005278692787886239,0.0927803788190282
8372,0.2310971151577364,0.007549093058504899,0.7613537917837587
8373,0.7265646046287805,0.0057723739678329005,0.26766302140338655
8374,0.8244574793464287,0.0072821720072994995,0.1682603486462718
8375,0.9353107001805421,0.004921299025601948,0.059768000793855955
8376,0.8174532419813781,0.016663582322846697,0.16588317569577515
8377,0.9512693638526775,0.004357779954319825,0.0443728561930026
8378,0.917228767881811,0.02910369786831088,0.05366753424987811
8379,0.9294423812277697,0.009802486970393366,0.06075513180183681
8380,0.7436990224600702,0.005368920990251951,0.2509320565496779
8381,0.9497834675853883,0.012405877884372685,0.037810654530238956
8382,0.8012868119905965,0.003326769874465771,0.19538641813493776
8383,0.8881377114859651,0.011252021987215756,0.10061026652681901
8384,0.9340825764737034,0.00586485072123887,0.06005257280505772
8385,0.6268570702592686,0.06080610764977059,0.3123368220909608
8386,0.9465613548663483,0.0036591754803266007,0.0497794696533251
8387,0.9425971241800921,0.005140500859430253,0.052262374960477545
8388,0.8534268423410313,0.007087692373806891,0.13948546528516173
8389,0.9510515123265937,0.016122394311330158,0.03282609336207609
8390,0.8149098202530067,0.02101648919075412,0.1640736905562392
8391,0.84901250197006,0.009686272076636936,0.14130122595330316
8392,0.9144192203406653,0.00578239880019412,0.07979838085914041
8393,0.9837207546439423,0.0022887756005769548,0.01399046975548079
8394,0.7487919288019834,0.03229482413056594,0.21891324706745063
8395,0.8932272056367379,0.003589446393042371,0.10318334797021969
8396,0.9256684988015129,0.011141215041914555,0.06319028615657248
8397,0.9270353321176608,0.00592369499074136,0.0670409728915978
8398,0.9529314388983133,0.006540776158296472,0.040527784943390155
8399,0.9538788808431956,0.022575885428984924,0.023545233727819432
8400,0.17447984905959701,0.009154115507369665,0.8163660354330333
8401,0.877199106854329,0.02754162912471022,0.09525926402096095
8402,0.9410886629252236,0.01557186808882247,0.043339468985953936
8403,0.6281217898153449,0.013677341046777435,0.3582008691378776
8404,0.8703405814218788,0.005285734349985886,0.12437368422813527
8405,0.3211457584194921,0.014443587972406061,0.6644106536081019
8406,0.7031946659390422,0.004556511858368643,0.29224882220258913
8407,0.9339744259332129,0.0030098297467892623,0.06301574431999797
8408,0.943933893381542,0.004855393846578015,0.05121071277188004
8409,0.6638857730762098,0.038232722064499826,0.2978815048592904
8410,0.9100500268604126,0.015545539155198195,0.0744044339843893
8411,0.9534823426606395,0.00895939879651666,0.03755825854284393
8412,0.28998171808575274,0.004987817799669338,0.7050304641145778
8413,0.1512385823198556,0.009785376693418191,0.8389760409867263
8414,0.9447408549844933,0.004286494464438361,0.050972650551068414
8415,0.965701318528677,0.002248859876928411,0.03204982159439462
8416,0.9613249359829172,0.004246400438351138,0.034428663578731505
8417,0.9020956903980913,0.0031815757591875447,0.0947227338427212
8418,0.9281222788424165,0.009944550751620354,0.06193317040596311
8419,0.780518116588942,0.007831967548845487,0.21164991586221246
8420,0.887109183687709,0.004936500576956116,0.10795431573533489
8421,0.7498732546058101,0.024092114325659032,0.22603463106853086
8422,0.8946154386153791,0.009255047219364515,0.09612951416525645
8423,0.8450697699021196,0.035767720081601395,0.11916251001627907
8424,0.9511333246932626,0.007054863952903161,0.04181181135383418
8425,0.8396156502459904,0.03709343936755916,0.12329091038645054
8426,0.8245381973773602,0.029442865652894064,0.1460189369697456
8427,0.9247978316534734,0.017960084700820667,0.05724208364570599
8428,0.9391319793375288,0.0032972498232470343,0.057570770839224135
8429,0.9472993657890132,0.0038409462140183096,0.04885968799696861
8430,0.9495418246905771,0.027454549580163783,0.0230036257292592
8431,0.10540333153605332,0.030454356823884362,0.8641423116400624
8432,0.9510162206834862,0.0067246869871285505,0.04225909232938518
8433,0.9528641477700615,0.019280002417348327,0.02785584981259013
8434,0.32345746021106103,0.011670188807865035,0.6648723509810739
8435,0.9513165695071436,0.0013178448424628086,0.04736558565039353
8436,0.8326271992820822,0.016822109468958277,0.1505506912489596
8437,0.8861594655551199,0.005961011837541759,0.10787952260733834
8438,0.9734678884201314,0.00594144603962545,0.020590665540243233
8439,0.9743450736039954,0.0026045939148757356,0.02305033248112897
8440,0.934605824919935,0.022735711863506824,0.042658463216558126
8441,0.49414723996790927,0.005952361903129587,0.49990039812896125
8442,0.9655782656775909,0.003960148296920543,0.030461586025488607
8443,0.9382623555519777,0.0023816157538219013,0.05935602869420046
8444,0.9789611738471347,0.0024684342932692724,0.018570391859596
8445,0.948092928800991,0.01621963271533878,0.03568743848367025
8446,0.8619765380995804,0.006547840296762421,0.1314756216036571
8447,0.5800674152539949,0.02801388596152758,0.3919186987844775
8448,0.8042159329091467,0.004902021556449773,0.19088204553440347
8449,0.9606108894252287,0.012437439667140532,0.02695167090763089
8450,0.9322902503332293,0.01651001964098359,0.05119973002578712
8451,0.9381941506376111,0.005996456206022585,0.05580939315636615
8452,0.9563783239444488,0.003924625230938397,0.039697050824612674
8453,0.788560383688087,0.012549422753185187,0.1988901935587278
8454,0.9082137381791905,0.006017332696495989,0.08576892912431341
8455,0.7008379245090236,0.005061341919765382,0.2941007335712109
8456,0.909065606105678,0.006530395628044947,0.08440399826627709
8457,0.9506998220453445,0.00566911497265391,0.043631062982001506
8458,0.9556316532355549,0.021442245824440057,0.02292610094000507
8459,0.9638969893284246,0.007910861352441982,0.02819214931913356
8460,0.9584468406659175,0.006168312156329089,0.035384847177753274
8461,0.5713663449243603,0.014207821543315258,0.4144258335323244
8462,0.9441113237701144,0.007406658998766771,0.04848201723111885
8463,0.919550616236641,0.004434171794071816,0.07601521196928712
8464,0.9277474061548536,0.02716948002899084,0.045083113816155686
8465,0.8313976934053807,0.009583759759154042,0.15901854683546524
8466,0.9172590671765886,0.027295762465455578,0.05544517035795581
8467,0.957668398699089,0.003594823379958131,0.03873677792095293
8468,0.469847044121499,0.013844097844948276,0.5163088580335526
8469,0.5677670249121208,0.04907565998258684,0.3831573151052924
8470,0.8355751779326355,0.023543332262203384,0.14088148980516113
8471,0.9557048758899059,0.002124724625891482,0.04217039948420248
8472,0.9668535241215875,0.00954390555696724,0.023602570321445377
8473,0.9729039241782921,0.007610629652284673,0.019485446169423184
8474,0.9667695699747247,0.005567419851798038,0.02766301017347722
8475,0.9134877477758961,0.014368313544647805,0.07214393867945618
8476,0.8492239658286425,0.006344973939392066,0.14443106023196536
8477,0.9452293346035567,0.007929499498875458,0.04684116589756784
8478,0.9375752516150802,0.010005090157815928,0.052419658227104066
8479,0.9398393889351635,0.003393193661597762,0.056767417403238776
8480,0.9742715957060877,0.0016552992281916835,0.024073105065720628
8481,0.9431325004068277,0.017684166799078027,0.039183332794094194
8482,0.9338784649038162,0.004847980942631546,0.061273554153552096
8483,0.49221249172309994,0.014584857738657992,0.49320265053824214
8484,0.8939387351872459,0.006583398606955412,0.09947786620579875
8485,0.9627236799438295,0.0075823430747309385,0.029693976981439628
8486,0.8085805090391582,0.011223141226136955,0.1801963497347046
8487,0.635248866132148,0.008990386556711156,0.35576074731114077
8488,0.9477969015802243,0.006961843311122592,0.04524125510865303
8489,0.9285760343767853,0.01179478013973376,0.05962918548348086
8490,0.5309611133931755,0.007330244782003053,0.4617086418248216
8491,0.8403461306298398,0.00782101266455508,0.15183285670560528
8492,0.9394652283423932,0.010618072431045702,0.04991669922656113
8493,0.8381238346265132,0.004257108165013198,0.15761905720847355
8494,0.974413417506475,0.0033055927771511043,0.022280989716373847
8495,0.9364152004717465,0.026663774224180214,0.03692102530407314
8496,0.9331451435484348,0.016415346234995035,0.05043951021657017
8497,0.9490771393472847,0.0034132285123108248,0.04750963214040456
8498,0.8338402586271758,0.00719613560644598,0.15896360576637825
8499,0.886209846539583,0.006538904907158327,0.10725124855325856
8500,0.9598629421826406,0.009462690287596675,0.030674367529762863
8501,0.946167406663984,0.0042056421668360934,0.049626951169179964
8502,0.38664933199098217,0.03940984108380656,0.5739408269252112
8503,0.901589231834905,0.018799420985886918,0.07961134717920813
8504,0.7349879075770743,0.008791837615362065,0.2562202548075636
8505,0.9710049456466396,0.0032222219424027482,0.02577283241095745
8506,0.9429271321005878,0.0035856258784577634,0.05348724202095442
8507,0.8159427708418923,0.006713192236073044,0.17734403692203476
8508,0.9551303919008953,0.00469383048729197,0.04017577761181274
8509,0.9628212731845114,0.002945971956390861,0.03423275485909782
8510,0.9551834856063421,0.01174036552089307,0.0330761488727648
8511,0.9766210445449194,0.005519375565141047,0.017859579889939563
8512,0.8999494077534984,0.011990183377001048,0.08806040886950041
8513,0.9404953883204218,0.025088950318632498,0.034415661360945864
8514,0.33550915675662885,0.00795958896299171,0.6565312542803795
8515,0.8172226663988914,0.005738695255175164,0.1770386383459334
8516,0.8886997817748128,0.010098189913480354,0.10120202831170683
8517,0.9419720871143532,0.0034306419322029987,0.0545972709534438
8518,0.975499181578007,0.009630231885334635,0.014870586536658313
8519,0.9393797632140403,0.012523075493162394,0.0480971612927974
8520,0.9638483892560528,0.009971878321603095,0.026179732422344077
