id,Status_C,Status_CL,Status_D
7905,0.41314326522346495,0.02121744159661691,0.5656392931799181
7906,0.601098826581567,0.17157789481268082,0.22732327860575222
7907,0.06195773423029347,0.017334098651587918,0.9207081671181185
7908,0.9377993786796324,0.005332503877475678,0.05686811744289193
7909,0.7194130920820049,0.07736354974834794,0.20322335816964712
7910,0.9846153642776753,0.0025108409606742826,0.012873794761650549
7911,0.9627211615846472,0.004055350534863764,0.03322348788048908
7912,0.20225453279496222,0.010284928514603768,0.787460538690434
7913,0.007597497737657513,0.001057677619410128,0.9913448246429324
7914,0.623068003840674,0.013828460656293198,0.36310353550303287
7915,0.7301375343632243,0.021068430655320214,0.24879403498145547
7916,0.48057810591723643,0.009887002197209064,0.5095348918855546
7917,0.5209805512085492,0.15825004850356053,0.32076940028789036
7918,0.8353582925339302,0.013299414663692532,0.15134229280237738
7919,0.5419895207931427,0.06670434092300846,0.39130613828384875
7920,0.9014831425809926,0.004528044449633388,0.09398881296937382
7921,0.8929614378979837,0.008225691871835632,0.09881287023018065
7922,0.05351427825722792,0.012328959874147463,0.9341567618686246
7923,0.8636937388889936,0.0029247714054524434,0.13338148970555405
7924,0.5173302447899929,0.2189881008031882,0.26368165440681884
7925,0.015147134213464397,0.0017438103657708855,0.9831090554207648
7926,0.7351032602753692,0.0045418122805554635,0.2603549274440753
7927,0.7367262457363107,0.029211723520867473,0.2340620307428218
7928,0.04755086598345594,0.005661790350226102,0.9467873436663179
7929,0.9190536172382989,0.01218123617845597,0.06876514658324498
7930,0.17780744431028384,0.09642293546066813,0.725769620229048
7931,0.8105636145005788,0.0084446913488573,0.18099169415056385
7932,0.10893530750228558,0.018593162267342745,0.8724715302303717
7933,0.39404144912705935,0.03456667301657659,0.5713918778563641
7934,0.9689249599775642,0.0014685196976692366,0.029606520324766468
7935,0.8795709752705994,0.005476053958601038,0.11495297077079963
7936,0.9072673749755401,0.019241340985865277,0.07349128403859476
7937,0.43606799433744925,0.015947830250166623,0.5479841754123841
7938,0.9337969761654475,0.003819805604831489,0.06238321822972101
7939,0.38235273401669045,0.04722648419116293,0.5704207817921466
7940,0.7599907630378266,0.045497973624281804,0.19451126333789145
7941,0.09917096338428251,0.03800828252558614,0.8628207540901314
7942,0.8223332625208216,0.006468104734403809,0.17119863274477465
7943,0.05186986958810739,0.010812589701167571,0.9373175407107249
7944,0.9257509397187438,0.0017162749253264214,0.07253278535592986
7945,0.9126883698074515,0.0031827062289844104,0.08412892396356408
7946,0.8493021493793653,0.012364079737633484,0.1383337708830013
7947,0.6352012954604385,0.014903197916287242,0.34989550662327423
7948,0.11088739441254815,0.022850459357826428,0.8662621462296254
7949,0.07782312887473139,0.11717782302842253,0.8049990480968461
7950,0.935240870751093,0.004324486976865016,0.06043464227204204
7951,0.4985400859594039,0.10285327816804742,0.39860663587254863
7952,0.24954479701783452,0.06464765119741375,0.6858075517847517
7953,0.025134774880107333,0.0020023895500422143,0.9728628355698504
7954,0.8715045499323125,0.006830046988373024,0.12166540307931456
7955,0.15062470118012306,0.011859409377183935,0.8375158894426931
7956,0.03141782130159676,0.01684249227246423,0.951739686425939
7957,0.8782759196644568,0.010961893638598307,0.110762186696945
7958,0.01988306641814237,0.0032397715232971567,0.9768771620585605
7959,0.1762400860160064,0.022299409982091307,0.8014605040019023
7960,0.15393175543303597,0.013351871781358434,0.8327163727856055
7961,0.8417498350396466,0.005514951183752128,0.15273521377660126
7962,0.15003342624860305,0.004061453574959608,0.8459051201764374
7963,0.11431341346192195,0.04096919198650926,0.8447173945515687
7964,0.03403757568672755,0.007253416411383039,0.9587090079018895
7965,0.9586159548487596,0.008130448575544688,0.033253596575695744
7966,0.562934508923934,0.011968940002696665,0.42509655107336936
7967,0.855772308573779,0.009886312473775302,0.1343413789524458
7968,0.8440549953325387,0.0033593658262912347,0.1525856388411699
7969,0.17494082858063117,0.03314225455732893,0.7919169168620399
7970,0.8926012341786546,0.0025763734086920943,0.10482239241265347
7971,0.9256962137713368,0.0025718067671056215,0.0717319794615576
7972,0.5299573464914639,0.11260865830249604,0.35743399520604
7973,0.8766852496507014,0.020075656741633426,0.10323909360766514
7974,0.1718111178728403,0.0160823361526193,0.8121065459745404
7975,0.9150067814084141,0.012497798992014923,0.07249541959957091
7976,0.646789766753884,0.008640021832892099,0.344570211413224
7977,0.933213442364367,0.004875625343743258,0.061910932291889834
7978,0.03586042581328709,0.005785062738721589,0.9583545114479912
7979,0.4907203754993479,0.02362538574752279,0.4856542387531294
7980,0.9378266744896037,0.0025496241805188988,0.05962370132987745
7981,0.7791311698833698,0.02393111915228814,0.19693771096434212
7982,0.7942004995989917,0.011827576209871135,0.19397192419113696
7983,0.8231517081077595,0.03222461627253887,0.14462367561970146
7984,0.08340184870063198,0.02250450920736537,0.8940936420920027
7985,0.25844349590989735,0.009900714043116076,0.7316557900469866
7986,0.10671671903468387,0.1143093897665257,0.7789738911987905
7987,0.45630784524354956,0.023164328012706983,0.5205278267437435
7988,0.6773619374161138,0.020823459047432047,0.3018146035364542
7989,0.9207189960037039,0.009855768219733517,0.06942523577656254
7990,0.7317469792764676,0.00997905087609803,0.25827396984743434
7991,0.055617602521671375,0.007371268548360818,0.9370111289299677
7992,0.9541188914008324,0.005757489873358732,0.04012361872580895
7993,0.7660312456865541,0.014356729635074995,0.21961202467837093
7994,0.9486699235297379,0.005522575677931106,0.04580750079233106
7995,0.4898504879561249,0.023373351519448894,0.4867761605244263
7996,0.050387584160584045,0.026618543766519676,0.9229938720728963
7997,0.7748208304766924,0.0331922060381917,0.19198696348511585
7998,0.011069887194333642,0.002212407046949742,0.9867177057587166
7999,0.011048899694767172,0.0016393586804260005,0.9873117416248067
8000,0.9116619846700169,0.022141396813147845,0.06619661851683517
8001,0.7879831437906036,0.011802581450605485,0.2002142747587908
8002,0.3724965427643511,0.10664839074300385,0.520855066492645
8003,0.5065808761792975,0.08650514280281568,0.40691398101788673
8004,0.3316301734854256,0.01747934046165672,0.6508904860529175
8005,0.6886376097518024,0.015184989717129392,0.2961774005310683
8006,0.6866653156022064,0.11689208055921019,0.19644260383858334
8007,0.8742004848824763,0.009739207092979239,0.11606030802454448
8008,0.9681504471004017,0.00347622231631727,0.028373330583281
8009,0.8055269276775776,0.008157626348848262,0.18631544597357427
8010,0.9283264899817761,0.010504198980934439,0.06116931103728942
8011,0.8952962287257941,0.003929276836504094,0.10077449443770187
8012,0.8307290901875426,0.005445095025196797,0.16382581478726047
8013,0.08140779978859232,0.024969734706878882,0.8936224655045288
8014,0.9045203027247893,0.020071828457559674,0.07540786881765096
8015,0.9133341883198414,0.0028223388487264747,0.08384347283143233
8016,0.9797894399127343,0.0015229131558587548,0.018687646931406884
8017,0.5253576734198069,0.004174554988797799,0.47046777159139525
8018,0.525562386294215,0.03918607623270974,0.43525153747307527
8019,0.934498855094653,0.006036391623137064,0.059464753282209994
8020,0.5156363876274632,0.03947415290351067,0.4448894594690261
8021,0.10162961377832913,0.006732546960377446,0.8916378392612934
8022,0.10907926241631406,0.018243235133682884,0.872677502450003
8023,0.5696548724561862,0.062199033536080674,0.3681460940077331
8024,0.845161660733531,0.0032555809068894968,0.15158275835957957
8025,0.06309196229181682,0.009388890039397474,0.9275191476687857
8026,0.9580181163539725,0.0032204932774186007,0.038761390368608886
8027,0.9337211534486749,0.0048711052856964775,0.061407741265628535
8028,0.04158843151910265,0.010286641013162654,0.9481249274677348
8029,0.04118980728136655,0.012054437423633982,0.9467557552949996
8030,0.9872888717411776,0.0010437977922324179,0.011667330466589977
8031,0.8217874250891255,0.037392488420881075,0.1408200864899936
8032,0.8577121111550398,0.0038286679929924856,0.13845922085196788
8033,0.11362616322055642,0.03028396483620928,0.8560898719432343
8034,0.4829657020281128,0.025381468855179733,0.49165282911670743
8035,0.9058940932553442,0.010012924702047935,0.08409298204260768
8036,0.5288880494107611,0.44268910015593466,0.02842285043330444
8037,0.2417004468516655,0.037214082603600734,0.7210854705447337
8038,0.6797258685294311,0.03651474397167668,0.2837593874988923
8039,0.03231144925189109,0.0440913944449411,0.9235971563031677
8040,0.4705971564932464,0.06728242556599037,0.46212041794076314
8041,0.15367124969098397,0.006802090845196824,0.8395266594638191
8042,0.05068849614671996,0.007002134968977379,0.9423093688843026
8043,0.9019063052471644,0.004538761988500262,0.09355493276433535
8044,0.03926658932211696,0.0021218337824142897,0.9586115768954687
8045,0.1676500209335012,0.10720124470839754,0.7251487343581012
8046,0.8780565691006457,0.0027533363710305512,0.11919009452832378
8047,0.9139299295638907,0.007137591650004615,0.07893247878610453
8048,0.909232518859417,0.004915489063771772,0.08585199207681114
8049,0.5770743228033421,0.1301420805857778,0.29278359661088005
8050,0.4019767970000849,0.016167868181630875,0.5818553348182842
8051,0.11561472741291401,0.011326695090858995,0.8730585774962271
8052,0.9747683347244269,0.005108066185611887,0.02012359908996126
8053,0.043747814038577776,0.015896457261781568,0.9403557286996407
8054,0.8158397518861579,0.007298521295456864,0.17686172681838536
8055,0.2655589483726983,0.06380356735594528,0.6706374842713564
8056,0.8985136894140517,0.028336938462067106,0.07314937212388123
8057,0.8100593815122729,0.0032204711944260455,0.18672014729330103
8058,0.8903532075068675,0.02833581309395667,0.08131097939917596
8059,0.6106113667471605,0.014462971434105347,0.37492566181873416
8060,0.11025223282376294,0.13803796199432372,0.7517098051819133
8061,0.2294908488737179,0.04553205595486262,0.7249770951714195
8062,0.09534940210404774,0.011505358624537375,0.8931452392714149
8063,0.9118359535613079,0.011223466525257847,0.07694057991343428
8064,0.03158054285132247,0.010819091521702736,0.9576003656269747
8065,0.8299778308612938,0.012401040395876507,0.1576211287428297
8066,0.9400703676402458,0.009344774972670597,0.050584857387083605
8067,0.05832728117995384,0.018837303549665792,0.9228354152703804
8068,0.8215305135515436,0.01280097525128066,0.16566851119717568
8069,0.8733310256474768,0.015200367957567473,0.11146860639495587
8070,0.9635558422379323,0.0042304434858599785,0.03221371427620756
8071,0.8058018822990453,0.012246551517997332,0.1819515661829573
8072,0.8474560538830535,0.009383438187496065,0.14316050792945048
8073,0.936930694415013,0.004269923873352515,0.058799381711634395
8074,0.8351274488136151,0.018414862495796065,0.14645768869058898
8075,0.8390159117028144,0.021516925957926508,0.13946716233925915
8076,0.9114463564052979,0.009949335282344127,0.07860430831235798
8077,0.05312514496624729,0.0739787550999324,0.8728960999338203
8078,0.11213208347066932,0.015828779560266848,0.8720391369690639
8079,0.934312788128249,0.003922280667496082,0.06176493120425506
8080,0.890062643177608,0.008570575871324251,0.10136678095106764
8081,0.9372825207689108,0.0030776419980553405,0.05963983723303377
8082,0.6973155011303958,0.03676591531410044,0.2659185835555038
8083,0.21224915987601392,0.06442077023117951,0.7233300698928066
8084,0.04075685966516592,0.0026647016076185395,0.9565784387272155
8085,0.9568070625861472,0.0037934554212341906,0.0393994819926186
8086,0.011601005928205428,0.0029184452982974262,0.985480548773497
8087,0.6961026043909679,0.031352299006612676,0.27254509660241943
8088,0.3084429427126702,0.016314012724573473,0.6752430445627562
8089,0.16161824865703078,0.0076981896107133595,0.830683561732256
8090,0.032481875766401276,0.00803725553599714,0.9594808686976015
8091,0.8939269003613631,0.008322289826427227,0.09775080981220964
8092,0.020463831762062484,0.002494801378095958,0.9770413668598416
8093,0.8667584627509125,0.04562967734826947,0.08761185990081809
8094,0.1184270667780039,0.019914746004741492,0.8616581872172546
8095,0.6583839130166236,0.06635251962971037,0.275263567353666
8096,0.288825853266962,0.015335893508330735,0.6958382532247072
8097,0.2591385538623143,0.019766406404786187,0.7210950397328995
8098,0.903700958297066,0.012008777094134048,0.0842902646087999
8099,0.7766752954727183,0.004974044163739011,0.2183506603635427
8100,0.03818117042293935,0.004380920005477965,0.9574379095715827
8101,0.4331843593441193,0.03920144028165946,0.5276142003742214
8102,0.7310906001572898,0.049691539083650545,0.21921786075905975
8103,0.37558654013003234,0.06501403241128101,0.5593994274586868
8104,0.39026172926437386,0.09104897142434545,0.5186892993112806
8105,0.017879715137450507,0.001553051724922271,0.9805672331376272
8106,0.9697370423384737,0.001821611457761191,0.028441346203765032
8107,0.012515213464044977,0.0030773223877598784,0.9844074641481951
8108,0.877553819229233,0.017062140154723047,0.10538404061604409
8109,0.6312370251011351,0.004898984105601277,0.3638639907932637
8110,0.9583356304254815,0.01783488462929145,0.023829484945226995
8111,0.5657667647436532,0.1304987325480663,0.3037345027082806
8112,0.6839760209614246,0.012766827474989152,0.3032571515635863
8113,0.016795334518278072,0.006391142951182269,0.9768135225305397
8114,0.04197374271782986,0.013453493564715853,0.9445727637174542
8115,0.8861842087576476,0.004723876436853506,0.10909191480549886
8116,0.7107449283248076,0.027453039546142973,0.26180203212904934
8117,0.14017084929706705,0.009268062076434925,0.8505610886264979
8118,0.5078460428320255,0.05804110420609907,0.4341128529618754
8119,0.5676440814420192,0.03368658453933615,0.39866933401864474
8120,0.9341126170510203,0.021749385364718696,0.044137997584261
8121,0.43168951187811905,0.06560018800402237,0.5027103001178586
8122,0.9575472960137816,0.0031579061405647385,0.03929479784565363
8123,0.9660645847372954,0.002787407700845943,0.03114800756185876
8124,0.31295909111957826,0.14344155852197552,0.5435993503584462
8125,0.7554427948655359,0.011556203017946548,0.2330010021165175
8126,0.866706049062995,0.0152655482210344,0.11802840271597062
8127,0.23308687270561435,0.014204229786486763,0.7527088975078989
8128,0.3987800961439336,0.049576352612913724,0.5516435512431527
8129,0.9603996588318752,0.014908570943431156,0.024691770224693897
8130,0.4654805284820661,0.023600886930399256,0.5109185845875347
8131,0.024770072084176156,0.00917805799156184,0.9660518699242621
8132,0.7107295002332316,0.11796219993033709,0.17130829983643134
8133,0.9049921148792084,0.017664666588041358,0.07734321853275028
8134,0.6291995513848468,0.07525127535209117,0.2955491732630618
8135,0.03656496382478899,0.004293912755263871,0.9591411234199471
8136,0.030070263224045816,0.004956972797788059,0.9649727639781662
8137,0.1045688235183949,0.006246309320991642,0.8891848671606134
8138,0.09262423041459247,0.010337096559867255,0.8970386730255403
8139,0.09041082074903152,0.007346619664677502,0.9022425595862908
8140,0.8870557598603476,0.014194511411256352,0.09874972872839603
8141,0.9594314483848295,0.003356647477457524,0.0372119041377128
8142,0.9319952446056359,0.03630511886085565,0.03169963653350841
8143,0.9109663187097619,0.06290945786453674,0.02612422342570156
8144,0.2379459642245262,0.04617722301123352,0.7158768127642404
8145,0.9347042185145875,0.0038308040477818607,0.06146497743763055
8146,0.8853578623340194,0.007273083437191082,0.10736905422878962
8147,0.42166845508320605,0.01638903103857923,0.5619425138782147
8148,0.799902708222261,0.004562185377514354,0.19553510640022476
8149,0.9513125205056525,0.005514466972005881,0.04317301252234161
8150,0.8623650302430076,0.0286762722721805,0.1089586974848119
8151,0.0812754829826702,0.007190901999983352,0.9115336150173465
8152,0.9495297427930374,0.00640809290062665,0.044062164306335846
8153,0.8407204105697182,0.0062214511938208095,0.15305813823646083
8154,0.9391310083110991,0.012613910237070283,0.04825508145183063
8155,0.11548182570462921,0.012786164466285124,0.8717320098290857
8156,0.9652121852882767,0.00794667820242868,0.02684113650929459
8157,0.8166244098619464,0.012144871714512936,0.1712307184235406
8158,0.9436940019156755,0.012214838854209688,0.044091159230114856
8159,0.3318704760245531,0.05800883608946894,0.6101206878859781
8160,0.6491890800095896,0.02313015024100085,0.3276807697494095
8161,0.7484078245638841,0.01935342203165552,0.23223875340446035
8162,0.1614897215635232,0.4157482768207676,0.4227620016157092
8163,0.18725270901709676,0.026457329418285963,0.7862899615646173
8164,0.7553511286546656,0.05789106097025309,0.1867578103750814
8165,0.03564358890535532,0.0017194522732140946,0.9626369588214306
8166,0.5882988272488373,0.00866558528498203,0.4030355874661807
8167,0.43426751116053575,0.06331600436286841,0.5024164844765958
8168,0.49658500758960483,0.010047011939268255,0.4933679804711268
8169,0.6599159298690236,0.008798693066065585,0.3312853770649109
8170,0.4332106152058874,0.030666982958643025,0.5361224018354696
8171,0.028861183596830122,0.0030382314060075897,0.9681005849971622
8172,0.019229940256078076,0.009593729358002585,0.9711763303859192
8173,0.638527698384914,0.005696959584926912,0.35577534203015915
8174,0.9356891902762563,0.002310951815216462,0.06199985790852715
8175,0.9286780531740961,0.005855786952247823,0.06546615987365607
8176,0.5535750905069828,0.019233555198309014,0.42719135429470817
8177,0.16710568786852872,0.027379599926708,0.8055147122047632
8178,0.6905835774234392,0.03334962566607131,0.2760667969104894
8179,0.6366966127921563,0.01375660653584431,0.3495467806719993
8180,0.379677299660813,0.0859050553771039,0.5344176449620831
8181,0.17884184329452957,0.029596309142749556,0.7915618475627209
8182,0.9696306061851839,0.004463729576428207,0.0259056642383878
8183,0.22495311060963602,0.022983509365835025,0.752063380024529
8184,0.8679762820603701,0.01924644727371552,0.1127772706659144
8185,0.9754139711253788,0.012911876598066361,0.011674152276555013
8186,0.8291935960608156,0.02874097698679916,0.14206542695238525
8187,0.1046247443262435,0.026496795198280937,0.8688784604754756
8188,0.8671049949694226,0.006267763395410383,0.12662724163516717
8189,0.30340133013798476,0.06097275386311865,0.6356259159988966
8190,0.14505572677633605,0.539606092339629,0.315338180884035
8191,0.917427746265895,0.007616294051992163,0.07495595968211284
8192,0.8550105718159129,0.010054026505670773,0.13493540167841633
8193,0.8445431852049138,0.002514765777924571,0.1529420490171615
8194,0.7750089535758409,0.1215665066403337,0.10342453978382529
8195,0.8840467655048545,0.002909904270219368,0.11304333022492596
8196,0.8200422252688226,0.00684565400349809,0.1731121207276792
8197,0.8660437486046015,0.004605308773377385,0.12935094262202101
8198,0.5587206037253837,0.034474210326514126,0.4068051859481023
8199,0.9089888392605668,0.005552863256558964,0.08545829748287424
8200,0.9680234655239883,0.008837109034188492,0.023139425441823187
8201,0.08226870115754122,0.006045130177630807,0.911686168664828
8202,0.2987706686574512,0.01982792853637941,0.6814014028061693
8203,0.7649472838051473,0.007616143697729061,0.2274365724971235
8204,0.15502356152342237,0.028735817930843847,0.8162406205457339
8205,0.8556803198170476,0.002385751438547039,0.14193392874440522
8206,0.3981578071857453,0.01563953830635473,0.5862026545079
8207,0.9571388139765281,0.003195454784538239,0.039665731238933626
8208,0.09230994271692464,0.0220899855766679,0.8856000717064075
8209,0.2214648439713379,0.016597449053508618,0.7619377069751534
8210,0.8713691433013774,0.004587514024542995,0.12404334267407945
8211,0.2686363943067544,0.028020648742047745,0.7033429569511978
8212,0.9281946705200411,0.0040369900307887395,0.0677683394491703
8213,0.8617180504306797,0.02662471024920737,0.11165723932011302
8214,0.027371229908111003,0.00615824684240538,0.9664705232494837
8215,0.9005545521951193,0.051549054625850514,0.047896393179030286
8216,0.8714396397978043,0.010099970025082885,0.1184603901771129
8217,0.5421541858189259,0.07264778995543127,0.38519802422564287
8218,0.0809236910773367,0.013481279355802626,0.9055950295668607
8219,0.9105680214889595,0.013064437278366297,0.0763675412326741
8220,0.9208953089198396,0.0036362699001406544,0.07546842118001963
8221,0.3144178614370074,0.01242678744066867,0.6731553511223239
8222,0.29631619097681045,0.010138585942279553,0.6935452230809099
8223,0.7284228526959853,0.06949778052752781,0.2020793667764869
8224,0.3372962876809851,0.02794273864844908,0.6347609736705658
8225,0.11806227106382053,0.034025192133984326,0.8479125368021951
8226,0.03030186222338557,0.002944599209721298,0.9667535385668931
8227,0.9799368733858512,0.004330675946249121,0.01573245066789981
8228,0.8315857508717184,0.005494560226090774,0.1629196889021909
8229,0.13844024611593964,0.010274458775900597,0.8512852951081599
8230,0.38197507264257957,0.03155976267003032,0.5864651646873901
8231,0.6656823280558118,0.2682870904558928,0.06603058148829524
8232,0.49530578676202963,0.019481200133875935,0.4852130131040944
8233,0.07522939821477755,0.01057607972511671,0.9141945220601057
8234,0.9733884287582556,0.004654320034987239,0.021957251206757105
8235,0.2901386943482107,0.04306485736766796,0.6667964482841213
8236,0.1396639506887383,0.02779795499359972,0.832538094317662
8237,0.8535272381713792,0.025562554643751016,0.12091020718486976
8238,0.2552368026707275,0.015754272100882868,0.7290089252283897
8239,0.0583151381007617,0.07309288198576971,0.8685919799134685
8240,0.8499447919033414,0.032243966945472054,0.11781124115118659
8241,0.053598373812199604,0.005601861160466503,0.9407997650273339
8242,0.7764261166431381,0.008648918237224721,0.21492496511963718
8243,0.5609475926355004,0.1432278357277834,0.29582457163671616
8244,0.9476056458971024,0.002002296590639364,0.050392057512258295
8245,0.943871013399572,0.013453350026075488,0.042675636574352645
8246,0.3724892186331147,0.017884465674445047,0.6096263156924403
8247,0.9733763731252764,0.004181363992982333,0.022442262881741393
8248,0.9738771222992708,0.0026985105333129145,0.023424367167416388
8249,0.7558982620155005,0.010405564582255045,0.2336961734022445
8250,0.9406971331211438,0.00782118037960983,0.05148168649924633
8251,0.7304126597604149,0.004247402320011271,0.26533993791957367
8252,0.6447473462878226,0.013490591429796486,0.3417620622823808
8253,0.8845212457777673,0.0076983280517018285,0.10778042617053103
8254,0.5804944440772553,0.01127445401687092,0.4082311019058739
8255,0.31271314555446,0.03763256423519467,0.6496542902103453
8256,0.7522308639072609,0.03114901133336914,0.21662012475936993
8257,0.8178605152556273,0.09614521055097854,0.08599427419339419
8258,0.012221412812409531,0.0013774740541252315,0.9864011131334651
8259,0.054746300172038416,0.02662188854230162,0.91863181128566
8260,0.8814674051215755,0.006925678014020878,0.11160691686440379
8261,0.9106615397398831,0.006913790968839201,0.08242466929127787
8262,0.8375101906038336,0.008509421931718603,0.1539803874644477
8263,0.8964303118527481,0.030295425781387282,0.07327426236586457
8264,0.825369477529261,0.0053811452322002126,0.16924937723853878
8265,0.7146804655547299,0.022276161072233056,0.26304337337303707
8266,0.01124481603457749,0.0013285330260037979,0.9874266509394186
8267,0.9019311266136105,0.006691997063362617,0.09137687632302677
8268,0.8869034355088785,0.010259108032344146,0.10283745645877734
8269,0.8318686591930324,0.011760692339743885,0.1563706484672237
8270,0.4994116952000274,0.037023667426362504,0.4635646373736101
8271,0.9263805853602077,0.026193382968131874,0.04742603167166033
8272,0.8992252488491007,0.0025038434267346714,0.09827090772416469
8273,0.836161230289115,0.08805306213419227,0.07578570757669277
8274,0.7787742166487504,0.027207969756580845,0.19401781359466883
8275,0.12927786576997902,0.07951881922368963,0.7912033150063313
8276,0.17920677200770968,0.020004157854370555,0.8007890701379198
8277,0.9358407791386506,0.00820595553130281,0.0559532653300466
8278,0.7525738545917598,0.015339792082216858,0.2320863533260232
8279,0.7567846328882799,0.004898688526859017,0.23831667858486108
8280,0.031125591792257188,0.010078556532816411,0.9587958516749264
8281,0.6161634654417971,0.042264820835858856,0.3415717137223441
8282,0.9404878302362248,0.013180241359544284,0.046331928404230824
8283,0.8682276305216978,0.005253235120634743,0.1265191343576674
8284,0.9059991710252591,0.022169572713214476,0.07183125626152648
8285,0.08468455140511334,0.006042793776449402,0.9092726548184373
8286,0.9715992382925865,0.0026921952310047133,0.02570856647640862
8287,0.8266867645738398,0.008721934600993013,0.16459130082516704
8288,0.9745723350975976,0.003002037790215624,0.022425627112186815
8289,0.36247733811495025,0.030308463972447717,0.6072141979126021
8290,0.3942293617310465,0.03469415276323312,0.5710764855057204
8291,0.21088407469804948,0.009823543965480344,0.7792923813364702
8292,0.8014647906896014,0.01541063179551557,0.183124577514883
8293,0.8855880469824421,0.0032901442419930467,0.11112180877556495
8294,0.9155941095867932,0.0033038048985762417,0.08110208551463062
8295,0.9336941493162079,0.004552044904829809,0.06175380577896223
8296,0.6669796283781052,0.023098962036377558,0.3099214095855174
8297,0.816859496151957,0.005687780350119339,0.17745272349792365
8298,0.9725405217701468,0.004562558301663094,0.022896919928190117
8299,0.7932948172820651,0.020900931996730914,0.1858042507212041
8300,0.6371560153571475,0.010810608135316577,0.35203337650753586
8301,0.6202011018302931,0.022155928125304404,0.3576429700444025
8302,0.21740010463763898,0.10857167667028413,0.674028218692077
8303,0.7690003994102746,0.004414899877833149,0.22658470071189218
8304,0.02988271398366083,0.01071268341457764,0.9594046026017615
8305,0.9071446209215427,0.00919634110672852,0.08365903797172894
8306,0.9116401517828411,0.0038851311529176685,0.08447471706424133
8307,0.021782105991366867,0.0023917897411718453,0.9758261042674613
8308,0.7092943932091712,0.0027094906433402415,0.2879961161474886
8309,0.043898056043099064,0.011425242388056497,0.9446767015688444
8310,0.8123064473437414,0.020629432414017282,0.1670641202422414
8311,0.8721673418246716,0.005605006874417705,0.12222765130091075
8312,0.933112874524984,0.009450414553631192,0.05743671092138476
8313,0.9455727951594647,0.01867801104072712,0.035749193799808135
8314,0.9470836277811542,0.004735802934207405,0.048180569284638305
8315,0.8206211439381377,0.10746018904452309,0.07191866701733923
8316,0.8805252983640195,0.009610071715956174,0.1098646299200244
8317,0.616205626337685,0.053003774144259615,0.3307905995180553
8318,0.5900399851989119,0.031403620213852956,0.3785563945872353
8319,0.03271744662655428,0.02663944289780815,0.9406431104756374
8320,0.8478722179539181,0.007768653996965191,0.14435912804911677
8321,0.6831626544951673,0.015271826970745783,0.30156551853408686
8322,0.16849916543645982,0.02749495792504591,0.8040058766384942
8323,0.020180511033865173,0.003222582914120112,0.9765969060520147
8324,0.031041432415691614,0.0076806229029684,0.9612779446813399
8325,0.984201050794196,0.0025497902847725394,0.013249158921031417
8326,0.9607874042486528,0.0036206786927108683,0.03559191705863639
8327,0.9414302197565285,0.007114270860307243,0.05145550938316432
8328,0.023263438601539906,0.0016619203593505182,0.9750746410391096
8329,0.9763501734716605,0.00278076588242426,0.020869060645914997
8330,0.1475812052202991,0.035019894625222606,0.8173989001544782
8331,0.9447323023293029,0.006400768714575759,0.04886692895612131
8332,0.2685203506826749,0.051233045172227425,0.6802466041450977
8333,0.8983289020291346,0.0037790882199408675,0.09789200975092442
8334,0.8744473918775146,0.005919179692924072,0.11963342842956119
8335,0.9602976962167853,0.003397320661151473,0.0363049831220632
8336,0.16050032683796295,0.010814364234435438,0.8286853089276016
8337,0.3685632148885196,0.018147900401367545,0.6132888847101129
8338,0.9408032016449945,0.0027758362862867936,0.05642096206871871
8339,0.30268520229567275,0.04810706021149437,0.6492077374928329
8340,0.9368423572416771,0.006682305346605104,0.056475337411717765
8341,0.8611852465257824,0.017169255379057873,0.12164549809515979
8342,0.9689247480856934,0.004150220715550825,0.0269250311987557
8343,0.6241340762534113,0.01176345163334194,0.36410247211324664
8344,0.06191406697127976,0.04104450188147744,0.8970414311472427
8345,0.9670056080017155,0.0042120338752270935,0.028782358123057333
8346,0.5763849240477094,0.012949113748961516,0.4106659622033292
8347,0.541889694889563,0.07234445283608099,0.3857658522743562
8348,0.4197753452848636,0.04475713664073318,0.5354675180744032
8349,0.9325800453320028,0.006084584974659242,0.061335369693337895
8350,0.5324406122060845,0.006528918990570623,0.4610304688033449
8351,0.7249428755819655,0.005769184348336809,0.26928794006969775
8352,0.8630176797987106,0.005719522140366183,0.1312627980609231
8353,0.05432923666636517,0.002659216362098913,0.943011546971536
8354,0.026978593259724716,0.03340679362801835,0.939614613112257
8355,0.9580362064054956,0.002884919431006609,0.039078874163497826
8356,0.5945735795367487,0.009827491363557135,0.3955989290996941
8357,0.1366004493034187,0.00785912464004089,0.8555404260565403
8358,0.027350242573687348,0.012685149561359866,0.9599646078649529
8359,0.9589833259719748,0.003057644821135902,0.0379590292068894
8360,0.9174436198861924,0.0033801538806821087,0.07917622623312567
8361,0.2342121977389456,0.007025373173932453,0.758762429087122
8362,0.8631772748047285,0.023372914642465208,0.11344981055280629
8363,0.2750388388969714,0.004536942202288596,0.72042421890074
8364,0.9484215660702808,0.009182034903296565,0.042396399026422636
8365,0.6697575490489095,0.007972858383630816,0.32226959256745963
8366,0.48625875548566366,0.008411120355599693,0.5053301241587367
8367,0.7703011951427359,0.014918415711962158,0.21478038914530195
8368,0.9566875656260148,0.009027687347477002,0.03428474702650828
8369,0.3753206061683607,0.017792526553210345,0.6068868672784289
8370,0.7608685504963983,0.006959540797241655,0.23217190870636004
8371,0.7274929917038981,0.014804257503037798,0.2577027507930641
8372,0.016601679832852677,0.002441418563499062,0.9809569016036482
8373,0.035104202635380506,0.015950907263691867,0.9489448901009276
8374,0.15413279574993372,0.006386684736959527,0.8394805195131069
8375,0.9733304254626474,0.004576390858271018,0.02209318367908156
8376,0.10575627058780455,0.010110493515871937,0.8841332358963235
8377,0.6443909427716867,0.03457352681025661,0.32103553041805666
8378,0.8776248508814585,0.04383827293228823,0.0785368761862531
8379,0.926379297281542,0.005678422469894319,0.0679422802485636
8380,0.5227639953522797,0.008014790068342745,0.46922121457937765
8381,0.9583877132941303,0.010266971752713846,0.03134531495315581
8382,0.7345907157875706,0.006768035882833378,0.25864124832959595
8383,0.9650710385899949,0.0034496661165442513,0.031479295293460954
8384,0.9151984517571528,0.005972580293942033,0.07882896794890536
8385,0.08662516926590985,0.046623169112247696,0.8667516616218424
8386,0.324109268347335,0.016722514281378095,0.6591682173712868
8387,0.9573985138362154,0.0030354254632779898,0.03956606070050667
8388,0.4201347180608233,0.00875664374993838,0.5711086381892383
8389,0.7226273540687439,0.04178700567529645,0.23558564025595963
8390,0.05697276085391236,0.008634415293574652,0.934392823852513
8391,0.744771875407723,0.02070759084488499,0.23452053374739193
8392,0.815576720545409,0.0330402655351441,0.1513830139194469
8393,0.9622321572753744,0.0027704000322815573,0.03499744269234399
8394,0.28750722469381673,0.021068776828768416,0.6914239984774149
8395,0.15646625273351927,0.03505191337542297,0.8084818338910577
8396,0.761702166983959,0.05551405817896853,0.1827837748370725
8397,0.957614498069896,0.002552884093271764,0.039832617836832424
8398,0.9599930583522874,0.0024028817441596297,0.037604059903553
8399,0.848964313828153,0.035156565794960716,0.11587912037688639
8400,0.023264129049627543,0.00954751499042951,0.9671883559599429
8401,0.4183712099537566,0.09274686907990652,0.488881920966337
8402,0.1711808556062888,0.04631960018453686,0.7824995442091743
8403,0.05019827718650126,0.030304149805043902,0.9194975730084548
8404,0.6322918785185029,0.01043787940334756,0.3572702420781494
8405,0.13543617553685602,0.006812637931577964,0.857751186531566
8406,0.8138288778520105,0.006178090689870619,0.17999303145811896
8407,0.8529698622220442,0.005342634941875616,0.1416875028360802
8408,0.6345041521989065,0.01881388773110523,0.34668196006998825
8409,0.051047879044838894,0.006735104678824226,0.9422170162763368
8410,0.34526076973637837,0.1979729303343275,0.456766299929294
8411,0.7747736233267982,0.02271073072206956,0.20251564595113233
8412,0.05087164913502092,0.005955397424960628,0.9431729534400184
8413,0.027495608158430742,0.015289504110871932,0.9572148877306974
8414,0.8559046000817663,0.006081500538994214,0.13801389937923952
8415,0.7247137582806646,0.019487433796276356,0.255798807923059
8416,0.9020658119543091,0.010465186407770081,0.08746900163792082
8417,0.39103457157592975,0.008747092088122278,0.600218336335948
8418,0.7657685050193396,0.026089998523630455,0.2081414964570298
8419,0.032785499509547136,0.01611701835356606,0.9510974821368868
8420,0.5821665729531541,0.006326318640934338,0.4115071084059116
8421,0.062492488680366304,0.010789216714805951,0.9267182946048277
8422,0.96058811632667,0.0038453250457048983,0.035566558627625144
8423,0.8403517100188926,0.009224032711492384,0.150424257269615
8424,0.37878722951751365,0.06152249213234168,0.5596902783501446
8425,0.8464611467004174,0.016693713890280144,0.13684513940930243
8426,0.04483385598278799,0.023976223540508896,0.9311899204767031
8427,0.46198689433088186,0.03442665035909169,0.5035864553100264
8428,0.98035240277431,0.0013365493088559628,0.01831104791683403
8429,0.968145957109812,0.002727319432105847,0.02912672345808205
8430,0.9103909145589064,0.022759562229759923,0.0668495232113336
8431,0.105864668059931,0.011472332113793907,0.8826629998262752
8432,0.4815177392560603,0.06607505698655036,0.4524072037573893
8433,0.7664260254880978,0.07446896694335489,0.15910500756854729
8434,0.022213323776319318,0.010580746884135035,0.9672059293395457
8435,0.9177095571435622,0.0030570887103806127,0.07923335414605717
8436,0.620789625115323,0.02419983089166327,0.35501054399301385
8437,0.030465324064431237,0.008335026651617942,0.9611996492839509
8438,0.9390109296730601,0.02476785219548996,0.03622121813144992
8439,0.49420929050096146,0.07985843083846358,0.42593227866057487
8440,0.7952825475143354,0.07552481361449764,0.12919263887116708
8441,0.33837273774405546,0.006999632702339461,0.6546276295536051
8442,0.9100367576462566,0.007937913665883343,0.08202532868786001
8443,0.9502684425722883,0.0034443069027050538,0.046287250525006554
8444,0.8920677495796397,0.023117166275186493,0.08481508414517366
8445,0.9814783370679934,0.004628193023617696,0.013893469908388847
8446,0.8360092125834941,0.0061177089876478215,0.15787307842885803
8447,0.05955039164188288,0.015427611878164804,0.9250219964799523
8448,0.8727831455483682,0.0022756723497987024,0.12494118210183314
8449,0.324244212779345,0.12459432141278295,0.5511614658078721
8450,0.53044565670808,0.02359447066358647,0.4459598726283336
8451,0.953056219432514,0.006930245740716444,0.04001353482676958
8452,0.9824260690815514,0.0014893467423098977,0.01608458417613884
8453,0.7934991500728471,0.03506817428145503,0.1714326756456977
8454,0.4335039479954663,0.012532894220084306,0.5539631577844494
8455,0.09146965734097993,0.003298960543261227,0.9052313821157589
8456,0.4196901310803906,0.015224942512888109,0.5650849264067213
8457,0.9064640078996059,0.00833303365095301,0.08520295844944102
8458,0.5434850440717985,0.07630117603542158,0.38021377989278
8459,0.9528334925382244,0.008261806675452137,0.03890470078632347
8460,0.9134423169821759,0.014111285263122931,0.07244639775470105
8461,0.0780403515994795,0.03454681725328479,0.8874128311472357
8462,0.9435785236205196,0.009978966671338546,0.04644250970814163
8463,0.3447121556102257,0.01069576004832143,0.6445920843414528
8464,0.8540266097293441,0.02687902589896045,0.11909436437169547
8465,0.3827063432604085,0.015435415123303804,0.6018582416162878
8466,0.7979252682410586,0.01824637603449633,0.18382835572444503
8467,0.9262292952730348,0.004169891189795408,0.06960081353716993
8468,0.26990903021204193,0.057939066821845034,0.672151902966113
8469,0.1308466317984019,0.07507932368546341,0.7940740445161348
8470,0.7357580915268835,0.02469527415462764,0.23954663431848877
8471,0.8031946323960755,0.004198525884657954,0.1926068417192667
8472,0.8290061728990584,0.009813868341957502,0.16117995875898414
8473,0.9234285321232543,0.012516521514101936,0.06405494636264375
8474,0.8577857965643817,0.013242551668356662,0.12897165176726175
8475,0.0892735821248797,0.007132079625131167,0.9035943382499891
8476,0.9079159012529563,0.004464332591457092,0.08761976615558643
8477,0.5366074301057351,0.11237263988309344,0.3510199300111715
8478,0.9120136854065068,0.009350969296032092,0.07863534529746115
8479,0.9144833696139666,0.012005860524778776,0.07351076986125472
8480,0.8581491611753214,0.010677586807189846,0.13117325201748867
8481,0.9788222456734074,0.006765105186146634,0.014412649140446024
8482,0.33489983899320314,0.023274703846858934,0.6418254571599379
8483,0.05716116852184855,0.007860872110030954,0.9349779593681204
8484,0.8487878426136948,0.011841676947076767,0.13937048043922842
8485,0.9686366130665731,0.0044370936597945675,0.02692629327363215
8486,0.07443363099961599,0.006098441379565489,0.9194679276208186
8487,0.6664923111670161,0.014096675151051626,0.31941101368193237
8488,0.967284571428858,0.0033934562980095615,0.029321972273132373
8489,0.6420533490077368,0.01510241118666138,0.34284423980560175
8490,0.10753894257821629,0.032014986294559074,0.8604460711272246
8491,0.07875565947440251,0.0064574451194638624,0.9147868954061337
8492,0.8403002632783707,0.02080010157676205,0.1388996351448674
8493,0.7224216654213026,0.012962950719944657,0.26461538385875283
8494,0.767932663145571,0.009720685439055535,0.2223466514153735
8495,0.9475327262760941,0.020669126360658836,0.031798147363247
8496,0.7959193040183212,0.029799666610553374,0.1742810293711254
8497,0.9297514380835928,0.0035477530735450002,0.06670080884286221
8498,0.055131239943599614,0.004955566650624904,0.9399131934057755
8499,0.9425932911624778,0.0047783661209427454,0.05262834271657949
8500,0.8539308152766217,0.03176413998717471,0.11430504473620348
8501,0.7209527162435199,0.011579532762649654,0.2674677509938306
8502,0.0565855901481426,0.0035602185840311615,0.9398541912678263
8503,0.8525636229137614,0.01923000942642767,0.12820636765981086
8504,0.053185573532474606,0.006005420067401275,0.9408090064001242
8505,0.9507509305004936,0.002937592949405876,0.046311476550100525
8506,0.9623983092100549,0.002776061289922143,0.034825629500023075
8507,0.8313119705708143,0.005021435509565803,0.16366659391961985
8508,0.8495234615375954,0.005349601129450037,0.14512693733295462
8509,0.9233850482148009,0.008712333220667829,0.06790261856453114
8510,0.6269270190475629,0.07714720638053525,0.29592577457190195
8511,0.9038558146253426,0.021252230132097757,0.0748919552425596
8512,0.04928470117737133,0.003810297790813212,0.9469050010318154
8513,0.42846175283149485,0.07863028230399437,0.49290796486451083
8514,0.044854626106608876,0.0051335556384523124,0.9500118182549389
8515,0.8907284711722046,0.0040766144711563024,0.10519491435663911
8516,0.11205997474408774,0.01344962346553092,0.8744904017903814
8517,0.5690111975107327,0.01636076305428128,0.414628039434986
8518,0.46776624106199544,0.19557790697495564,0.33665585196304887
8519,0.546565931152861,0.016050777304076367,0.4373832915430626
8520,0.948174341501827,0.010702470140771856,0.04112318835740123
8521,0.8838402324478886,0.004471766338401432,0.11168800121370989
8522,0.8152899080410829,0.0205506898621943,0.16415940209672278
8523,0.07307669059809939,0.00506764538724339,0.9218556640146573
