id,Status_C,Status_CL,Status_D
7905,0.42882704218440904,0.013689553303760621,0.5574834045118303
7906,0.6601315687669237,0.14548425330198556,0.19438417793109064
7907,0.08867792139656062,0.032378818340355026,0.8789432602630844
7908,0.8816105582325996,0.0061587881076576425,0.11223065365974273
7909,0.6795476888510253,0.07248245226692526,0.24796985888204937
7910,0.9759096129823719,0.0031346288977736527,0.020955758119854336
7911,0.9675415047153274,0.003962333414934058,0.028496161869738645
7912,0.17719828517578923,0.010850145790332973,0.8119515690338779
7913,0.00917211630023197,0.0016826715516203915,0.9891452121481478
7914,0.4954705411938851,0.015043058583026134,0.4894864002230887
7915,0.6890531267349946,0.020412042351879395,0.29053483091312604
7916,0.5982143061896416,0.004416268621631736,0.39736942518872664
7917,0.4350002220606268,0.16509383958755722,0.39990593835181604
7918,0.7971388200297953,0.020073273722441096,0.1827879062477635
7919,0.5108813372546469,0.09515098879052859,0.3939676739548245
7920,0.9120874047982913,0.0052281510737007,0.08268444412800802
7921,0.8724470765123008,0.011617918171608656,0.11593500531609068
7922,0.02644251280820373,0.007677584640334413,0.9658799025514619
7923,0.8692776532508929,0.0010977800938446075,0.12962456665526256
7924,0.656508838951344,0.0995007586486208,0.24399040240003506
7925,0.005150479939417524,0.0010665157578462485,0.9937830043027363
7926,0.7903577033592776,0.0023723683799543767,0.20726992826076815
7927,0.6728546591422857,0.1459499188823904,0.18119542197532384
7928,0.03434146065514471,0.014951747696570192,0.9507067916482852
7929,0.9301882642604155,0.022675169885874508,0.047136565853710156
7930,0.16462342754919607,0.18357935339979287,0.6517972190510111
7931,0.8469583947933358,0.009669964270269884,0.1433716409363944
7932,0.09052252551362279,0.02821255695632263,0.8812649175300545
7933,0.45080424106077877,0.01339659378521723,0.5357991651540039
7934,0.9502083140756186,0.001100020931158251,0.04869166499322305
7935,0.8466371928342874,0.006366748169692985,0.14699605899601964
7936,0.8843522497770857,0.018464106595303287,0.09718364362761112
7937,0.13008754264788455,0.007884197391834708,0.8620282599602808
7938,0.957432767455184,0.005183494695211141,0.03738373784960499
7939,0.21697718216708872,0.07458599831146913,0.7084368195214421
7940,0.6179972667875757,0.15745077765603757,0.22455195555638682
7941,0.12535770582460193,0.07947695431434923,0.7951653398610489
7942,0.8352494189137422,0.009870484283308759,0.1548800968029492
7943,0.017376049999079275,0.007861489998626,0.9747624600022947
7944,0.8843430905027992,0.001560561134997515,0.11409634836220327
7945,0.9428095440769715,0.0014218228440033502,0.055768633079025215
7946,0.8321894506821377,0.01759868673114957,0.15021186258671282
7947,0.6845875431296445,0.004333869707286041,0.31107858716306946
7948,0.10119260197657766,0.024400815492125347,0.874406582531297
7949,0.057414485076525086,0.07081486856820063,0.8717706463552743
7950,0.9032554953047934,0.015130944381006517,0.0816135603142001
7951,0.2926126705328787,0.12017336377838775,0.5872139656887334
7952,0.18796325631011016,0.09386956940235229,0.7181671742875376
7953,0.012098244744833477,0.003088385432366699,0.9848133698227998
7954,0.8505108587702693,0.01176777907187443,0.13772136215785621
7955,0.10618632040751703,0.010848203786796976,0.8829654758056861
7956,0.014343156683042249,0.015645929960316787,0.9700109133566409
7957,0.8566580950673364,0.01304701929964598,0.13029488563301755
7958,0.015791547088555805,0.003356238915329385,0.9808522139961148
7959,0.2891277074030728,0.0432703475307693,0.6676019450661579
7960,0.1285899091270103,0.01725016293673673,0.8541599279362531
7961,0.8537651818540885,0.008332762759647016,0.13790205538626452
7962,0.12456744441243009,0.003607648287193527,0.8718249073003764
7963,0.10027526954234837,0.02873476013285207,0.8709899703247996
7964,0.011547248814062442,0.0033243196343203446,0.9851284315516171
7965,0.9415703639519722,0.01052341018256945,0.047906225865458424
7966,0.4243544701529899,0.014183046058928981,0.5614624837880812
7967,0.8213840838112765,0.020249176532283163,0.15836673965644021
7968,0.8251892685896158,0.002484498935611786,0.17232623247477233
7969,0.27399224023126195,0.02678285513165662,0.6992249046370814
7970,0.9208624413465121,0.0012354589511122621,0.07790209970237556
7971,0.9255930287733466,0.0010712772733390498,0.07333569395331442
7972,0.5511449046757584,0.2113357742649244,0.23751932105931728
7973,0.9253330437134624,0.006028038672105535,0.06863891761443211
7974,0.11578489977901454,0.0789562441308958,0.8052588560900895
7975,0.8864693797096735,0.011156326742474463,0.10237429354785195
7976,0.6596083929141509,0.010058049022794184,0.330333558063055
7977,0.9747241009470609,0.003899682014349853,0.021376217038589194
7978,0.026822379619740086,0.007602571352970303,0.9655750490272895
7979,0.3398398673552,0.015417319467760626,0.6447428131770395
7980,0.936586161828855,0.0020468295819836453,0.06136700858916152
7981,0.8071688939675956,0.047575325827201226,0.1452557802052031
7982,0.8015608917370084,0.02539710679783235,0.17304200146515925
7983,0.7823216524179709,0.05155251853761073,0.1661258290444183
7984,0.08028840116781939,0.03588221588446012,0.8838293829477204
7985,0.2698834517586849,0.008219453862678756,0.7218970943786364
7986,0.0678829738728123,0.08610131308064667,0.8460157130465411
7987,0.5592477010468786,0.048238774375637686,0.3925135245774837
7988,0.7236668667222683,0.02055578565178918,0.25577734762594256
7989,0.9346093955378127,0.007946128705023578,0.05744447575716363
7990,0.4740890565386185,0.007805696939758474,0.518105246521623
7991,0.04123224189141512,0.012369800290273573,0.9463979578183114
7992,0.9718730804982563,0.003952465876765868,0.02417445362497782
7993,0.7257700142262359,0.019405460879686712,0.25482452489407736
7994,0.9576041490410967,0.004257494626875539,0.03813835633202782
7995,0.6614754151264233,0.016282853847354076,0.3222417310262228
7996,0.0330642971389376,0.03064039522059968,0.9362953076404626
7997,0.7429259564452746,0.019586224772949024,0.23748781878177636
7998,0.004540842242686636,0.0018800828949262658,0.9935790748623871
7999,0.0038761409633131638,0.0020704205769054157,0.9940534384597813
8000,0.8956404201123376,0.017988485793754973,0.08637109409390747
8001,0.866019753399433,0.011821864669329121,0.12215838193123782
8002,0.46643613456489175,0.11537083553729899,0.41819302989780915
8003,0.43920285957977595,0.2022626356936011,0.35853450472662296
8004,0.41515122249883696,0.0180774277015651,0.5667713497995979
8005,0.6022837693219284,0.01851495513533458,0.37920127554273714
8006,0.8053100060388046,0.05455878186435479,0.14013121209684054
8007,0.7210568202888549,0.007425680854646739,0.2715174988564983
8008,0.966661693227349,0.0044142477094147505,0.028924059063236373
8009,0.8213410320260689,0.008156582559897006,0.1705023854140341
8010,0.9074951751216944,0.018217905685603893,0.07428691919270171
8011,0.7262382322036842,0.013153641907222348,0.2606081258890933
8012,0.8362373939505233,0.005150275344877448,0.15861233070459918
8013,0.0717947862025496,0.013833552825348048,0.9143716609721023
8014,0.9077919566212379,0.03462177214968957,0.057586271229072505
8015,0.9437497413990908,0.00151043720903102,0.05473982139187819
8016,0.9771034526557469,0.004362036728768205,0.0185345106154847
8017,0.5398561958984575,0.002232821398589595,0.45791098270295294
8018,0.5031957654132742,0.023640144803778317,0.4731640897829475
8019,0.9332569088392115,0.00991987488862537,0.05682321627216307
8020,0.6578413828247921,0.031572296665225694,0.31058632050998214
8021,0.0666323881296407,0.0036693116742240856,0.9296983001961351
8022,0.0531047109640691,0.0271040129516865,0.9197912760842445
8023,0.6501716929475305,0.1065617733125667,0.24326653373990278
8024,0.8791460903849094,0.0021533278753343645,0.11870058173975623
8025,0.04451486173577488,0.01073428563313505,0.94475085263109
8026,0.9407014764901884,0.007676060689003289,0.0516224628208083
8027,0.964712071027031,0.003907186119892048,0.031380742853076786
8028,0.023686976874238982,0.012512374371852788,0.9638006487539081
8029,0.06145570569830067,0.03851259632865439,0.9000316979730449
8030,0.9606391283537892,0.001970107375014042,0.03739076427119686
8031,0.7356972570409694,0.06709874780483421,0.19720399515419634
8032,0.8655321879537111,0.002389049982163584,0.13207876206412525
8033,0.08932555475443395,0.06259726140287084,0.8480771838426953
8034,0.4705535562149299,0.02115819837087902,0.5082882454141912
8035,0.9299282113301544,0.004041654346253851,0.0660301343235919
8036,0.8044584755762685,0.1619309005919166,0.03361062383181486
8037,0.21589291131183094,0.04658306678698829,0.7375240219011808
8038,0.5792651809308484,0.024240469127651917,0.3964943499414997
8039,0.024423265810522374,0.02102410870534087,0.9545526254841368
8040,0.4512955247794152,0.09354070311195659,0.45516377210862824
8041,0.11176318521051352,0.009119652253227391,0.8791171625362592
8042,0.022872853036317548,0.013231666669864488,0.963895480293818
8043,0.892665987140822,0.006042152500004585,0.10129186035917344
8044,0.024639811176557707,0.0031830626165368775,0.9721771262069054
8045,0.10492176426697722,0.05803147553525563,0.837046760197767
8046,0.8444554208169356,0.0012789732868077478,0.15426560589625649
8047,0.8998182838336193,0.009573438826371275,0.09060827734000954
8048,0.91111448895482,0.00841634496483891,0.08046916608034109
8049,0.5792240591921052,0.25333449990042023,0.16744144090747462
8050,0.3051067732359225,0.010742078612147595,0.68415114815193
8051,0.08733382268453378,0.03368151363716677,0.8789846636782994
8052,0.9840970438461034,0.007597647756849822,0.008305308397046822
8053,0.026640306135523623,0.017201217355926522,0.9561584765085499
8054,0.8357527301040126,0.006205143284563271,0.15804212661142425
8055,0.1937449036004228,0.04930718110735185,0.7569479152922253
8056,0.9232025632615232,0.0265007707918359,0.050296665946641096
8057,0.8434025798634295,0.002111656254869545,0.15448576388170107
8058,0.8702546657874993,0.022663038767437183,0.1070822954450634
8059,0.7009516655974927,0.02336509887256868,0.2756832355299387
8060,0.07459207990399198,0.09138051111669006,0.8340274089793179
8061,0.08014361280160487,0.036885630999920226,0.882970756198475
8062,0.07631288074209319,0.01134023784299039,0.9123468814149164
8063,0.9393059876864646,0.012998799907192072,0.047695212406343494
8064,0.019435335944961843,0.022998157142602962,0.9575665069124352
8065,0.8796053152802619,0.015442181044900754,0.10495250367483738
8066,0.9623094960998083,0.006577001898250732,0.03111350200194103
8067,0.048827854692917616,0.013218042690585201,0.9379541026164971
8068,0.6553207433391186,0.026782297124847084,0.31789695953603436
8069,0.6521751664637181,0.02223810346223332,0.32558673007404854
8070,0.9816653918021658,0.0013029036033880403,0.017031704594446077
8071,0.9040329646901334,0.0046737334192375355,0.0912933018906291
8072,0.8412023372321351,0.009545608195397839,0.14925205457246704
8073,0.9625361996789314,0.0038235084535577766,0.03364029186751068
8074,0.7230911393237939,0.012321952015741126,0.2645869086604651
8075,0.8159396953303927,0.023060659419756015,0.16099964524985144
8076,0.886755843333518,0.012024181506990125,0.10121997515949191
8077,0.03618773863153161,0.031560835311220725,0.9322514260572476
8078,0.12969701840003725,0.03120545808820895,0.8390975235117537
8079,0.8897202650750232,0.005894160432616395,0.10438557449236052
8080,0.8694728018699971,0.012217767732183239,0.11830943039781981
8081,0.873669862088311,0.007855888493177435,0.11847424941851158
8082,0.5980018932988275,0.029317681212235734,0.3726804254889368
8083,0.19001079818130692,0.06650148184262106,0.743487719976072
8084,0.04554190744276177,0.010920944052745261,0.9435371485044929
8085,0.9315133928096008,0.013012686922957498,0.05547392026744175
8086,0.003232592407733143,0.001352630989787956,0.9954147766024789
8087,0.8268317640589303,0.017134026964708386,0.1560342089763612
8088,0.17387533415201967,0.007352446474089238,0.8187722193738912
8089,0.2279095883117309,0.008772519141713701,0.7633178925465555
8090,0.009570562531013066,0.0057942840652872715,0.9846351534036997
8091,0.9073260164103516,0.0037788155621952817,0.08889516802745301
8092,0.0054935646392406555,0.002386308631538921,0.9921201267292203
8093,0.9040012991829254,0.029070589040109264,0.06692811177696538
8094,0.08682620694146069,0.08080596338739142,0.8323678296711479
8095,0.6633242756031598,0.1658681845693688,0.1708075398274713
8096,0.4492667335402294,0.018039335288943286,0.5326939311708272
8097,0.18096089557983266,0.020074381830932287,0.7989647225892351
8098,0.7505892765599476,0.033710079887012245,0.2157006435530402
8099,0.6319923164780372,0.007394193543730253,0.3606134899782325
8100,0.027013149802694977,0.005507080881870352,0.9674797693154346
8101,0.4523291225099628,0.03952196156148738,0.5081489159285497
8102,0.8616353337693011,0.029328230875655545,0.10903643535504337
8103,0.33566514766720557,0.11866554481924382,0.5456693075135506
8104,0.47829397040076177,0.06909884060678922,0.4526071889924489
8105,0.016389543228255542,0.0011193956186849503,0.9824910611530595
8106,0.9615753511509839,0.0029279990530069687,0.035496649796009125
8107,0.005394634362575527,0.007074607798535292,0.9875307578388892
8108,0.9101912737478961,0.01777499601223064,0.07203373023987324
8109,0.8072907769685435,0.0028165015159170095,0.18989272151553946
8110,0.9577547454804519,0.02016663057117292,0.022078623948375193
8111,0.5378860975141104,0.25520375300179365,0.20691014948409592
8112,0.598298725104048,0.011645339576281064,0.3900559353196708
8113,0.006259991521326864,0.007137471444581505,0.9866025370340916
8114,0.02184257526481465,0.023444690848010933,0.9547127338871745
8115,0.8814291361405264,0.01021686831954916,0.10835399553992439
8116,0.7925634186249875,0.04498631298440552,0.1624502683906069
8117,0.10400232702789543,0.019614329997739995,0.8763833429743646
8118,0.47477583501343346,0.17930284618497985,0.3459213188015868
8119,0.6161494102843392,0.03250674873425091,0.3513438409814099
8120,0.9382252544608942,0.015887078780886466,0.04588766675821914
8121,0.19811216314980715,0.045890399882276896,0.755997436967916
8122,0.9661387515416756,0.002121070342710525,0.03174017811561394
8123,0.9727664329708832,0.00302481824885179,0.024208748780265077
8124,0.3335466258664468,0.10876234897412433,0.5576910251594289
8125,0.7038589360017803,0.020224968593246396,0.27591609540497314
8126,0.8668207516592136,0.012113957924227398,0.12106529041655908
8127,0.2135587380772145,0.03499796435977657,0.7514432975630089
8128,0.4934253442725016,0.05495069849707232,0.45162395723042614
8129,0.9596093405558584,0.025140029287058056,0.015250630157083363
8130,0.3996291363408982,0.035599521565265815,0.564771342093836
8131,0.019967857515152104,0.015487763654004968,0.964544378830843
8132,0.5872107141298323,0.07415316798501323,0.3386361178851544
8133,0.9244657478094865,0.028547367002346,0.04698688518816746
8134,0.6810008237686433,0.059822285651829,0.2591768905795276
8135,0.012524319101306133,0.004300880686297172,0.9831748002123967
8136,0.03222101581023249,0.007009198778292218,0.9607697854114753
8137,0.27096435384205425,0.006795119903013609,0.7222405262549322
8138,0.054213391847983135,0.01373742364023974,0.9320491845117771
8139,0.06393090853219115,0.007852445723520347,0.9282166457442884
8140,0.911734955598063,0.015632614999852034,0.07263242940208496
8141,0.956932541584011,0.002798009538341289,0.04026944887764788
8142,0.9318117844196943,0.04189544964622296,0.026292765934082692
8143,0.9545642602265584,0.02456892339581524,0.0208668163776264
8144,0.11019360364557654,0.05386195766998024,0.8359444386844432
8145,0.9138870623506125,0.007381478360331912,0.0787314592890556
8146,0.9132301964639146,0.0034722240216555895,0.08329757951442979
8147,0.40722820022086603,0.017183315287282827,0.5755884844918512
8148,0.8919218000615319,0.004471158456174113,0.10360704148229408
8149,0.9274390734872445,0.015104902551850735,0.05745602396090475
8150,0.897925624304546,0.011894444104215546,0.0901799315912383
8151,0.13475488365269586,0.019904964836386978,0.8453401515109171
8152,0.9444489929789809,0.006413686897493991,0.0491373201235251
8153,0.8406849178808801,0.010166358056024862,0.1491487240630952
8154,0.9521055609924629,0.009787579924391703,0.0381068590831455
8155,0.10232251326232038,0.028594503417508788,0.8690829833201709
8156,0.963577724691109,0.006650706786863977,0.029771568522027
8157,0.7633998258948933,0.018546708202656238,0.2180534659024506
8158,0.9523440692238463,0.018443319044385047,0.029212611731768676
8159,0.3057528013862606,0.0384675256925101,0.6557796729212293
8160,0.5877283683487371,0.017040025052544084,0.3952316065987189
8161,0.7816743746620962,0.022911068356310238,0.1954145569815934
8162,0.20052753393899775,0.21627295995495907,0.5831995061060432
8163,0.16905988638892047,0.019468071953112637,0.8114720416579669
8164,0.7884769966234714,0.05878212230001576,0.15274088107651276
8165,0.02708039125320928,0.0029242278302866785,0.9699953809165041
8166,0.653900191541061,0.005707142583344652,0.3403926658755943
8167,0.49462096365877206,0.08632990697127603,0.4190491293699519
8168,0.556191241600044,0.005686494681319134,0.4381222637186369
8169,0.592103726589612,0.00444076134620436,0.40345551206418373
8170,0.7049287134345599,0.06599605115881158,0.22907523540662847
8171,0.016112342827847247,0.002320758920971955,0.9815668982511807
8172,0.030103891576773983,0.02670032304914028,0.9431957853740858
8173,0.8344562217457239,0.0060097783884944175,0.15953399986578176
8174,0.935382850917359,0.000962968972156359,0.0636541801104848
8175,0.8454291794135055,0.010428221679256113,0.14414259890723827
8176,0.49832792764470024,0.025132879308565094,0.47653919304673464
8177,0.11354798594281415,0.06002126471265461,0.8264307493445312
8178,0.7097136814240137,0.04514991511748705,0.24513640345849927
8179,0.42977719924841074,0.01566731499947185,0.5545554857521174
8180,0.4786997183529585,0.1284970963083449,0.3928031853386966
8181,0.1278771685566342,0.03675793042475364,0.8353649010186122
8182,0.9728395812877518,0.0073787573777939945,0.0197816613344543
8183,0.29129315803519135,0.08814423387102502,0.6205626080937836
8184,0.8634561291460751,0.024605102973621736,0.11193876788030324
8185,0.9833861564555213,0.00745539870565165,0.009158444838826878
8186,0.8366884349316029,0.03137903854760335,0.13193252652079368
8187,0.15069545715717872,0.08836382686710222,0.7609407159757191
8188,0.8509632894430602,0.0036588136120408957,0.14537789694489903
8189,0.12135576961542056,0.059107931341779774,0.8195362990427997
8190,0.08493949023482901,0.4682516795122193,0.4468088302529517
8191,0.9298940228653436,0.004506053515333986,0.06559992361932246
8192,0.8425855085892106,0.011651797883327123,0.14576269352746238
8193,0.7965068526479114,0.0015865341919699555,0.20190661316011857
8194,0.8827549380661037,0.045325936816444444,0.07191912511745183
8195,0.9044093718316387,0.002321591572487726,0.09326903659587359
8196,0.7854847219065293,0.007852423264047167,0.2066628548294236
8197,0.7970559915422805,0.0034654520129027175,0.1994785564448169
8198,0.4417872809031688,0.038481109272107294,0.5197316098247239
8199,0.8791240377059842,0.031681167253448994,0.08919479504056671
8200,0.9615628160201448,0.010619347070026295,0.027817836909829072
8201,0.06427029290485767,0.004378232442508459,0.9313514746526339
8202,0.21647395760547125,0.039217469668796086,0.7443085727257326
8203,0.7556706913366368,0.007286470090581697,0.2370428385727816
8204,0.1961889128200879,0.08078288815873863,0.7230281990211734
8205,0.7624673258854336,0.0012446794153247534,0.23628799469924167
8206,0.1833589444786636,0.013600734821491106,0.8030403206998452
8207,0.9402605590706202,0.00713973507880206,0.05259970585057769
8208,0.08205609076384976,0.05260745278316964,0.8653364564529806
8209,0.39341214424751386,0.0415847913676258,0.5650030643848604
8210,0.8320652377700027,0.0059186450197990835,0.16201611721019823
8211,0.19570758128184387,0.03832171471228665,0.7659707040058694
8212,0.9106743867752608,0.002153913627136992,0.08717169959760217
8213,0.8913919726125367,0.008507405064099137,0.10010062232336413
8214,0.012014082606526423,0.01448757718598742,0.9734983402074863
8215,0.9204764197654174,0.054000544635703446,0.025523035598879248
8216,0.8678177565274744,0.0038562395516399638,0.12832600392088556
8217,0.7095838894696226,0.05825909697333478,0.23215701355704255
8218,0.05734527913457413,0.032834646527740756,0.9098200743376851
8219,0.9033595199136587,0.029061840948071682,0.06757863913826974
8220,0.932221877191233,0.00432982008388849,0.06344830272487861
8221,0.30735852670992087,0.011971088539606324,0.6806703847504729
8222,0.24914053576487494,0.018984009796247356,0.7318754544388777
8223,0.7408280531233811,0.10254260620766902,0.15662934066894985
8224,0.4560569628637771,0.08222757515666197,0.46171546197956076
8225,0.14475060801722014,0.05063018810975977,0.80461920387302
8226,0.010165621905445605,0.0032976638165436016,0.9865367142780109
8227,0.9696078433396023,0.011578083774786026,0.018814072885611693
8228,0.8406220164845674,0.0075382442280504044,0.15183973928738223
8229,0.1787328594511096,0.017143107085916612,0.8041240334629739
8230,0.5397349529923636,0.05342914606069076,0.4068359009469455
8231,0.7357805675568347,0.2223374003964272,0.041882032046738016
8232,0.41629400298210945,0.02315152757208513,0.5605544694458053
8233,0.0498092719001029,0.016391513918654923,0.9337992141812421
8234,0.9673673906164663,0.0038663400605377547,0.02876626932299592
8235,0.21538502025259665,0.03643976646987432,0.748175213277529
8236,0.16390667211153692,0.018994060993153275,0.8170992668953099
8237,0.858154420279457,0.035312072063683655,0.10653350765685941
8238,0.26345670240429553,0.006849455351474424,0.7296938422442302
8239,0.03261781025734418,0.05776112012101909,0.9096210696216368
8240,0.8630110942243164,0.03783015333095828,0.09915875244472527
8241,0.03807481144551108,0.006874129856603905,0.955051058697885
8242,0.8411663081355728,0.008892684390985488,0.14994100747344172
8243,0.43157175199751774,0.14825123628428913,0.42017701171819305
8244,0.9484504790737677,0.0005827041424977855,0.05096681678373455
8245,0.9259730119358934,0.025155212162628848,0.04887177590147782
8246,0.3341810760100843,0.03060229913964291,0.635216624850273
8247,0.9841154609381186,0.0032083220322615693,0.012676217029619866
8248,0.9684456805579531,0.007073027906945271,0.024481291535101587
8249,0.8658824274028026,0.015330359127613139,0.11878721346958412
8250,0.921391263205909,0.024921896935846222,0.05368683985824475
8251,0.6663544838921899,0.005766295116820712,0.32787922099098943
8252,0.5636735368622181,0.028167280949611722,0.40815918218817016
8253,0.9167731350930323,0.012311831199404741,0.07091503370756298
8254,0.5795045228990667,0.011667720406242234,0.4088277566946911
8255,0.4226789012809568,0.12128774632826886,0.45603335239077436
8256,0.7466778392049663,0.05529189866868428,0.19803026212634944
8257,0.8929540810235781,0.06703230642271543,0.040013612553706335
8258,0.010630610216359226,0.002543155764505426,0.9868262340191355
8259,0.025323924342957476,0.027989623198625902,0.9466864524584165
8260,0.8940545004340015,0.008761856843624296,0.09718364272237429
8261,0.94282541171422,0.009892688761338196,0.04728189952444193
8262,0.7111811299028463,0.010256033199379002,0.27856283689777456
8263,0.878415036871401,0.058050465379515054,0.063534497749084
8264,0.8520942078170659,0.0026659594864396883,0.14523983269649451
8265,0.6817892926164533,0.0410382842196173,0.2771724231639294
8266,0.006022005041720447,0.0017155015820649003,0.9922624933762146
8267,0.9317742034414576,0.009921784874105938,0.058304011684436406
8268,0.8671379117210297,0.014573512857542584,0.11828857542142764
8269,0.8230646733835965,0.029801999213136973,0.14713332740326662
8270,0.6519606052464892,0.01948240164222426,0.32855699311128644
8271,0.8895043001101737,0.05211623048394488,0.05837946940588143
8272,0.8923694209272753,0.0017122899213774907,0.10591828915134698
8273,0.8106911788828354,0.03594907110016098,0.1533597500170037
8274,0.7599970851034525,0.034231242875943015,0.20577167202060442
8275,0.07832422067385818,0.09669459029648393,0.8249811890296579
8276,0.26215924956518377,0.022353278461810327,0.715487471973006
8277,0.9304474542172809,0.012175523848670027,0.0573770219340489
8278,0.8166839663347729,0.024849416946471272,0.1584666167187557
8279,0.8329547030776769,0.0032007293384515513,0.16384456758387148
8280,0.013706560431686032,0.008893397029487484,0.9774000425388265
8281,0.658123076199872,0.04374735938612405,0.298129564414004
8282,0.9601310913872239,0.010792347410580418,0.029076561202195705
8283,0.8413544016478278,0.008609739350241946,0.15003585900193034
8284,0.9244726496255269,0.009376475665237957,0.06615087470923518
8285,0.07893914640672589,0.013651985612034094,0.9074088679812401
8286,0.9652658031712585,0.004089716365154474,0.030644480463586924
8287,0.7235106077799812,0.004433442171539635,0.2720559500484792
8288,0.9620571541365507,0.002477797180612634,0.03546504868283655
8289,0.36136400977261457,0.031305303420439815,0.6073306868069457
8290,0.14562354949911802,0.016508860779980355,0.8378675897209016
8291,0.31360846059898934,0.00782681081033595,0.6785647285906747
8292,0.7986913894916812,0.011130868204582662,0.19017774230373616
8293,0.9113058206474028,0.001801852098194349,0.08689232725440287
8294,0.9183529487700723,0.002794265564265294,0.07885278566566226
8295,0.9641909745752524,0.008240515815948214,0.027568509608799245
8296,0.8029451385103683,0.022736352420508678,0.17431850906912302
8297,0.8170276404083513,0.004803103885496802,0.1781692557061517
8298,0.9738061234763996,0.009506957618522471,0.01668691890507785
8299,0.798616068857584,0.02162013569913999,0.1797637954432761
8300,0.7316976542745426,0.01375238216609697,0.2545499635593603
8301,0.5470423689765445,0.023231342632994312,0.4297262883904613
8302,0.13625179861953005,0.11286927644654283,0.750878924933927
8303,0.7160623993723765,0.0024281125315940588,0.2815094880960295
8304,0.0336980036696288,0.026883450158261876,0.9394185461721094
8305,0.9353356628050776,0.012433735128893689,0.052230602066028774
8306,0.8588430344564174,0.004204597540932216,0.1369523680026505
8307,0.01323546541067273,0.004206335980093864,0.9825581986092334
8308,0.6530654329558799,0.0013247172995923782,0.3456098497445278
8309,0.03622061623507688,0.008981483985456618,0.9547978997794664
8310,0.8639283021363805,0.007935702754025074,0.12813599510959436
8311,0.8568283668636781,0.00398206438823466,0.13918956874808722
8312,0.9078003548434107,0.010552504459024432,0.08164714069756474
8313,0.9558057897836769,0.015128393960559282,0.029065816255763675
8314,0.9110125221289974,0.004647642672778562,0.08433983519822398
8315,0.781818215329471,0.08038574927250251,0.13779603539802643
8316,0.9012951275009212,0.019540061682348283,0.07916481081673049
8317,0.6780782069591238,0.06025975602746635,0.26166203701340984
8318,0.5613830140662082,0.061113482661380954,0.37750350327241083
8319,0.013132530224519497,0.018016715072230283,0.9688507547032502
8320,0.8726667515487383,0.011270224810466785,0.11606302364079497
8321,0.6681984466904305,0.02771018222291796,0.3040913710866516
8322,0.13797503541822678,0.02698924123430578,0.8350357233474673
8323,0.006541884649143201,0.0030510295737350944,0.9904070857771217
8324,0.02020302889169912,0.0062567210336365265,0.9735402500746644
8325,0.9808087883121964,0.0070477850531007824,0.012143426634702676
8326,0.9569643536448648,0.006216724144820336,0.03681892221031486
8327,0.9175701104362511,0.017003367716111734,0.06542652184763705
8328,0.013307585080573043,0.0020269644459780813,0.984665450473449
8329,0.9681659832451696,0.005206810550042721,0.026627206204787902
8330,0.1560027695021721,0.023043586523982126,0.8209536439738458
8331,0.9751093140728144,0.0029913233547482843,0.021899362572437405
8332,0.27807871020317554,0.21281268549264026,0.5091086043041843
8333,0.7861793203087366,0.002753720146186588,0.2110669595450767
8334,0.882995374789374,0.005287431215950086,0.11171719399467596
8335,0.9193759573856881,0.0059841273034875655,0.07463991531082433
8336,0.0933119393431387,0.012892534454550844,0.8937955262023105
8337,0.4098854953566744,0.012805764881263568,0.5773087397620621
8338,0.9577504153653635,0.003957513645859375,0.03829207098877717
8339,0.35690594686194854,0.10048560548140775,0.5426084476566437
8340,0.9487356760169113,0.005792075693425279,0.045472248289663404
8341,0.8587557481639592,0.025574120585846894,0.1156701312501939
8342,0.9702248896191866,0.01126051055674734,0.018514599824066065
8343,0.5629315621485073,0.009212164765041499,0.4278562730864512
8344,0.03564368022586976,0.048395131173734736,0.9159611886003954
8345,0.9566057856562498,0.00263404932017382,0.040760165023576406
8346,0.5566039314228413,0.02274021112513281,0.42065585745202605
8347,0.3531399407724368,0.0797446033232115,0.5671154559043516
8348,0.20016839605100895,0.08712720554508636,0.7127043984039046
8349,0.957722360737047,0.004043820557619556,0.038233818705333364
8350,0.7116082694810634,0.0059600463168971215,0.2824316842020394
8351,0.6556705087622401,0.002707599740937542,0.3416218914968223
8352,0.8356850360415629,0.004672492973739662,0.1596424709846975
8353,0.0164840391729371,0.0029612090276098834,0.9805547517994531
8354,0.019426740631291673,0.02421283210669251,0.9563604272620159
8355,0.9618194145146202,0.0020078516994643126,0.03617273378591558
8356,0.5987000273758699,0.012131579701836282,0.38916839292229377
8357,0.047362316241168524,0.012601988073073282,0.9400356956857583
8358,0.034860456870482406,0.04840192712210199,0.9167376160074157
8359,0.9572869338002052,0.0035892743923274036,0.0391237918074674
8360,0.8722823289291141,0.006189972846221795,0.1215276982246641
8361,0.3151110811944895,0.008138714368592485,0.6767502044369181
8362,0.8927160832277008,0.022651758370752083,0.08463215840154707
8363,0.2550499342467309,0.008797079380027087,0.736152986373242
8364,0.8944064370577354,0.04171224347061916,0.06388131947164549
8365,0.7247540593126218,0.005920356449449553,0.2693255842379285
8366,0.5917867066182543,0.006872556345596688,0.4013407370361489
8367,0.863101783635344,0.007870590464186776,0.12902762590046918
8368,0.9187958985834322,0.007971603073995448,0.07323249834257238
8369,0.344054582622692,0.011602772594056007,0.644342644783252
8370,0.8320932127962269,0.0098735312375092,0.15803325596626377
8371,0.7590719412603824,0.009145069051802955,0.23178298968781458
8372,0.005022232431978909,0.002435396068754278,0.9925423714992668
8373,0.019597074458850484,0.018005913415746377,0.9623970121254032
8374,0.17465035119516392,0.009353543148338275,0.8159961056564978
8375,0.9600320592990575,0.004034257775805679,0.03593368292513679
8376,0.10337806291019873,0.021163849206669017,0.8754580878831322
8377,0.6079196431061222,0.14184255372789406,0.25023780316598376
8378,0.9317775992886972,0.016287108323895357,0.05193529238740751
8379,0.9381192425838368,0.0054796589189576314,0.05640109849720566
8380,0.47155981125446755,0.0075203944559158065,0.5209197942896167
8381,0.9668432928532352,0.01131294762764832,0.021843759519116424
8382,0.805929474964986,0.0044686123587237975,0.1896019126762901
8383,0.9024607906453148,0.005023778609718396,0.09251543074496685
8384,0.90718670324087,0.004045915133265632,0.08876738162586431
8385,0.047782226403405834,0.034979398290857645,0.9172383753057365
8386,0.25645791402307233,0.03785583277280792,0.7056862532041197
8387,0.9077261251800522,0.0030065271990951576,0.0892673476208527
8388,0.5858416408006458,0.00792271844545006,0.406235640753904
8389,0.769186781634889,0.05240936280285828,0.17840385556225272
8390,0.046640026557263785,0.011023175613859555,0.9423367978288767
8391,0.7182520908181623,0.012603975633022993,0.26914393354881483
8392,0.8240616709618003,0.03267834435532289,0.14325998468287682
8393,0.9310344776033819,0.007204160894934263,0.061761361501684015
8394,0.2430918138743434,0.04221933154242344,0.7146888545832332
8395,0.09431997188666838,0.021056066697003988,0.8846239614163276
8396,0.8189803039647437,0.017376258298132916,0.16364343773712325
8397,0.9556303990537668,0.00279824088773182,0.041571360058501504
8398,0.9639576570631373,0.004944457655305485,0.031097885281557287
8399,0.9099861157377538,0.022005508467963238,0.06800837579428289
8400,0.00961246250478445,0.005391717106682407,0.9849958203885331
8401,0.33579298127655416,0.12822325821717348,0.5359837605062724
8402,0.1729943498788266,0.06669903230046417,0.7603066178207093
8403,0.04328153239086522,0.12707251931835997,0.8296459482907748
8404,0.6634517999388614,0.009595075319884943,0.3269531247412538
8405,0.044676301768394,0.00941390921396472,0.9459097890176412
8406,0.742402181368746,0.0033926926831759096,0.25420512594807804
8407,0.8384140729090815,0.003707283411880091,0.15787864367903834
8408,0.6494392819878847,0.010169797440987758,0.34039092057112746
8409,0.05091325612520132,0.013209731493419639,0.935877012381379
8410,0.29838854466976716,0.18678398209926467,0.5148274732309681
8411,0.8424851112967319,0.007397754555964818,0.15011713414730316
8412,0.03777006117416703,0.0053009392834472355,0.9569289995423856
8413,0.010392967381834825,0.009999801574863717,0.9796072310433016
8414,0.873863429339278,0.004367927299422377,0.12176864336129958
8415,0.7888709939621207,0.015522222212114542,0.19560678382576477
8416,0.8321469187486074,0.010678131729033778,0.157174949522359
8417,0.4348431757713846,0.005983492438615898,0.5591733317899995
8418,0.7690055468473603,0.04110400159127193,0.18989045156136758
8419,0.03221390553890554,0.01334329981132767,0.9544427946497668
8420,0.6234914374544278,0.005673096802075917,0.37083546574349624
8421,0.08571526764046511,0.01815946991178424,0.8961252624477507
8422,0.9710139712797647,0.003092449539192993,0.02589357918104223
8423,0.8331999978598038,0.019262375420434737,0.14753762671976134
8424,0.3861355671627692,0.1328360573379524,0.48102837549927835
8425,0.764161870656103,0.04901854552115718,0.18681958382273992
8426,0.03113798547289722,0.026531048215305882,0.9423309663117968
8427,0.2813449739312713,0.07359576740631889,0.6450592586624099
8428,0.9672975444611412,0.001744349936180904,0.030958105602677748
8429,0.968370615743489,0.0038873033638342617,0.027742080892676553
8430,0.9488534075929411,0.028380731057500785,0.022765861349558016
8431,0.07766967577544773,0.017087379706536933,0.9052429445180155
8432,0.4243514517805066,0.13803610079639675,0.43761244742309674
8433,0.8309423804157074,0.07910474084138508,0.08995287874290737
8434,0.0100114767163158,0.013772025713562364,0.976216497570122
8435,0.9058102164226036,0.0021065499587973563,0.0920832336185992
8436,0.6345816860117334,0.030049050041337455,0.3353692639469292
8437,0.016702012859727132,0.004777532500062093,0.9785204546402108
8438,0.8946716362704765,0.06239496625773721,0.042933397471786296
8439,0.5038004923424935,0.05491006341336515,0.44128944424414135
8440,0.8309472981042196,0.0877348623468838,0.08131783954889663
8441,0.36145629951109626,0.0051381110129423285,0.6334055894759614
8442,0.8994068008028244,0.01748243344560523,0.08311076575157043
8443,0.937618336386508,0.0032775335706332455,0.059104130042858805
8444,0.8428958986053647,0.030716910663786436,0.12638719073084875
8445,0.9763745161153691,0.011904283175677894,0.01172120070895304
8446,0.6702491004650245,0.00510883515928802,0.32464206437568743
8447,0.05078728216338564,0.032124892637305356,0.9170878251993089
8448,0.7989211931511137,0.002549821304337523,0.19852898554454887
8449,0.3720142797503339,0.08683023339878805,0.5411554868508781
8450,0.6012116451971963,0.061261201336759726,0.33752715346604395
8451,0.925747442150206,0.011599027528467363,0.06265353032132662
8452,0.9744118141435796,0.00261747509176255,0.022970710764657766
8453,0.7144756989210422,0.02427473492117469,0.261249566157783
8454,0.4463243226743656,0.018365802836296297,0.535309874489338
8455,0.17556022105601019,0.005915256648614958,0.8185245222953749
8456,0.4062716165783362,0.011793197166733122,0.5819351862549307
8457,0.8812865602069495,0.005737571190310503,0.11297586860274018
8458,0.4790948196823422,0.21464527104378442,0.3062599092738735
8459,0.9500017330411347,0.01380754615804916,0.036190720800816326
8460,0.9012662128174912,0.019026891683265205,0.0797068954992437
8461,0.07344569516952605,0.04129530517691401,0.88525899965356
8462,0.9230986210775133,0.015130614003523788,0.06177076491896293
8463,0.3285589591834706,0.0054575530958026934,0.6659834877207267
8464,0.8303515568231438,0.04054556208749393,0.1291028810893625
8465,0.30498898100686483,0.005519837093073011,0.6894911819000621
8466,0.8206865317679214,0.027286476215839225,0.1520269920162393
8467,0.8974152410572633,0.0026705166437802886,0.09991424229895637
8468,0.1992761056452686,0.01962126610696219,0.7811026282477692
8469,0.18857956852765798,0.08458884258715585,0.7268315888851862
8470,0.6867728723961205,0.04486181885170449,0.26836530875217496
8471,0.8490362928959571,0.00668679012214803,0.14427691698189493
8472,0.7751640490121258,0.03438929537463253,0.19044665561324156
8473,0.9588025292191161,0.013422245570743414,0.027775225210140513
8474,0.8202627661023476,0.030145176318780106,0.14959205757887223
8475,0.08481468478769628,0.013126413550453343,0.9020589016618503
8476,0.9133170269135802,0.007015471276993914,0.079667501809426
8477,0.5608907152004785,0.11969515737259426,0.3194141274269272
8478,0.9237330743938678,0.012960395123819576,0.06330653048231276
8479,0.8861858026632566,0.01382465038467535,0.09998954695206788
8480,0.8557964717853309,0.01110239412564678,0.1331011340890223
8481,0.9776726630167268,0.007821391257701026,0.014505945725572266
8482,0.28879719792546193,0.008820058476802275,0.7023827435977359
8483,0.03589314340476261,0.02306791899671877,0.9410389375985188
8484,0.8261383364890377,0.009478692841870863,0.16438297066909144
8485,0.9668333975214434,0.008326231855663254,0.024840370622893158
8486,0.06161365545519201,0.0077839835018330295,0.9306023610429749
8487,0.6521136490081115,0.017462393764668592,0.3304239572272199
8488,0.965419536015703,0.0044521689753931944,0.03012829500890373
8489,0.6597710797851202,0.02606961935424595,0.3141593008606339
8490,0.08086609405138341,0.01761967933374443,0.9015142266148722
8491,0.10573564862833079,0.014129667252698389,0.8801346841189708
8492,0.8427477598523593,0.045891140083878484,0.11136110006376217
8493,0.7807204327380298,0.00618104930108398,0.21309851796088636
8494,0.7364158968915812,0.01915652229223532,0.2444275808161835
8495,0.9008203815789421,0.05421701451013395,0.044962603910924076
8496,0.8569100123746467,0.029028544441135704,0.11406144318421765
8497,0.9327439224478203,0.003674176750329472,0.06358190080185018
8498,0.030764996553515597,0.009159964888508109,0.9600750385579763
8499,0.9354429782140871,0.003767741161075668,0.060789280624837246
8500,0.8668404897593261,0.036520816043932154,0.09663869419674148
8501,0.706724274512176,0.01249616779647171,0.28077955769135227
8502,0.06539180552565431,0.005028667680882403,0.9295795267934632
8503,0.8745904729697211,0.017641323161907082,0.10776820386837181
8504,0.049774503939494945,0.010918882469456891,0.9393066135910482
8505,0.9732415123026732,0.0018214501036558698,0.024937037593670833
8506,0.960787121023003,0.0031071838500878607,0.036105695126909185
8507,0.8535834540646221,0.003566228444663049,0.1428503174907148
8508,0.811100248757525,0.008088828140348255,0.18081092310212676
8509,0.899622230713091,0.012070184228568169,0.08830758505834083
8510,0.5537392434073858,0.05077597345397542,0.3954847831386388
8511,0.8032584102807729,0.04542933150632137,0.1513122582129056
8512,0.037472278264047455,0.005126520335453049,0.9574012014004994
8513,0.43312001172497167,0.15874988376715682,0.40813010450787146
8514,0.04599560144139815,0.009265629693976787,0.944738768864625
8515,0.8600882418199518,0.002252513737411303,0.13765924444263686
8516,0.08461494700207571,0.020080990849803877,0.8953040621481204
8517,0.5626548699744033,0.02733346070292695,0.4100116693226698
8518,0.48306637923583484,0.23008363305837945,0.2868499877057858
8519,0.36748217531967364,0.05378980508603931,0.578728019594287
8520,0.9693363848224624,0.008711660492468298,0.021951954685069237
8521,0.9272436489565103,0.002800341487548093,0.06995600955594154
8522,0.7635899299152575,0.08437658526008535,0.15203348482465714
8523,0.02862597834833657,0.005984026757535599,0.9653899948941278
